25365.443797 12437.104878 23709.877489 24154.760971 27437.773380 6728.989710 10721.459916 23278.658250 9055.466613 17065.128718 
14844.514504 19237.256818 11578.749711 15888.626396 28614.662030 27569.656972 19435.640111 21801.610954 5106.474105 18602.097411 
1472.716577 8043.716348 4979.715727 24321.125873 5543.693588 12627.387433 4763.922957 4155.455259 29968.811022 7329.450254 
15875.039438 25334.254806 18766.555145 9584.916913 19489.015763 16204.328512 15313.906623 29210.475693 9482.986748 23369.373236 
16275.604397 23327.501252 12606.630041 26854.354108 9216.127634 11221.292071 24424.011080 27651.767745 3022.903011 28530.485186 
16253.865156 3495.619588 6574.201534 20233.580883 26816.745474 11117.895122 2860.968303 1580.668417 14273.350381 2829.779311 
7910.118671 29148.389819 27164.034131 25676.673816 8733.306732 16653.049881 11881.002315 23047.213355 15863.525560 20363.989063 
16416.586591 2139.129957 13691.490301 28023.216631 27993.484065 21907.617949 9244.508688 22417.495132 19559.385680 11267.411713 
20947.980318 5813.250823 13763.031301 26522.181852 25046.831707 10579.776761 7640.076960 26907.800023 11160.445178 20913.427341 
28737.579334 18070.563863 20061.817146 25901.613452 13747.237665 27795.123878 12554.663333 24628.239994 20842.337233 27418.188893 
14992.229043 7258.923810 28557.318850 27683.719358 5282.140428 26550.802916 19591.337293 13526.649130 18968.298034 9150.722960 
23794.060843 9916.278338 13963.973797 7557.092130 6438.460177 9010.805490 17136.868904 13078.537137 5918.605499 27297.314082 
3991.964465 4656.184834 15367.877931 23053.781624 29557.798286 28115.115610 20848.905489 12112.461605 22743.355590 11691.242709 
9530.650498 7735.584620 17950.166519 8087.969335 5419.303964 22232.306960 4638.772237 24010.641257 5758.956076 22607.070285 
3161.364217 28553.016919 2523.348610 16125.338014 6110.109035 7961.808800 24136.143504 22246.977939 20040.345937 29054.749017 
19544.292021 23032.310415 3710.933837 4912.169938 16086.092026 3268.732110 3027.285535 6934.997501 14381.193728 24770.641125 
17626.240223 22911.844226 2506.225745 5576.406729 29999.813561 6925.529709 26808.713689 4638.585798 29936.170980 2567.669752 
26245.656083 3097.535184 1120.686657 27769.004693 18222.873198 6230.795706 5730.813479 12359.016689 27477.773645 24771.159429 
11413.765692 17022.065652 17803.469830 14124.699530 20934.235604 3889.561842 16393.431653 22961.521139 9824.559343 29774.625381 
17732.162264 26450.799567 22686.469594 19238.388009 2027.206296 22686.283142 25163.917718 27835.919985 26324.868940 25100.088684 
29403.589750 22570.525010 27197.623868 29524.276407 20339.529703 15420.497053 5755.072100 25070.343182 26779.513755 3232.845744 
19841.502597 8193.279434 19254.911396 7644.972414 21317.978977 10189.146987 10534.534256 7711.410616 3150.668126 19359.093613 
7486.035984 19882.830390 15809.893166 29172.505579 9121.218385 16837.099462 21858.788707 4285.136090 14673.019446 18183.657648 
28385.224788 14076.609183 10754.182644 25582.848642 13600.885576 1093.712333 11003.345695 18355.957689 25164.055528 7782.859436 
20588.803434 15005.558112 14976.138870 9843.714816 21650.530539 6294.117833 19032.861817 2185.064781 13005.528450 21183.529942 
20544.158394 19491.564434 11066.360319 6354.051560 18664.069999 19187.578704 22191.151022 10522.858706 22472.714794 6864.170454 
27706.516354 20857.939568 19940.779637 8460.698984 16440.788210 3541.665213 8554.411331 26444.133905 20897.622903 3718.466846 
4226.993328 11486.426323 17724.024957 18203.132197 20330.141139 9374.555483 23497.250044 9363.002943 10559.620277 6502.778480 
29546.532885 1103.778658 24994.342927 10612.893190 6457.830217 13658.412913 28800.471894 27648.981253 23181.271619 21273.186688 
4513.151693 20887.787959 12131.126242 23453.931344 28348.486957 27571.914452 25995.596557 6902.898274 24016.048343 16893.219447 
9621.365120 27243.041671 27379.645770 26345.390077 15446.173868 17709.786896 5719.945560 8943.423899 26072.789852 15279.565837 
14446.202379 25619.322723 15383.344495 9440.545293 6232.215913 20841.174726 22098.958219 5032.687794 18490.155965 15280.229824 
25305.874481 22003.307658 6168.017783 7437.000723 15457.238989 4516.504727 5008.915161 11452.835533 10419.403001 28024.963518 
27346.054979 19040.768121 25268.005176 24725.700735 15386.158185 10714.179030 12435.487631 20106.103745 18657.602929 8508.277469 
5385.669569 3103.805308 4127.600179 19769.014077 11544.350601 9359.816092 10610.188789 3643.308807 13392.503899 28100.344754 
17923.538644 8698.378366 20103.652399 23091.556428 15135.379089 5560.891388 26608.061154 19144.294264 16013.726920 7027.464142 
17169.257769 13359.781900 25068.232263 12437.262931 8085.482622 10454.390434 22151.441975 19520.970253 29560.494192 10809.044890 
27029.247722 4946.163747 12912.850199 1156.847900 23715.177825 23457.200813 9516.663992 4325.366601 26100.509620 21909.167891 
2425.711341 14024.048251 29607.546271 21529.363754 7115.604665 14742.925346 26090.255142 3723.665805 3887.219597 12103.982049 
9751.129947 20056.477365 24463.763948 4819.362196 2493.740296 2549.246570 14273.752643 23645.182270 21070.216822 13834.246822 
4454.227147 18099.464544 17780.410570 16367.077360 18256.312444 11495.588394 9824.278159 26772.976437 14820.954995 5924.787766 
18682.144327 16246.666350 18948.836030 18289.690585 7776.030090 25064.440695 3032.615917 3866.285218 27788.106514 5919.835527 
14970.267267 7539.236447 24976.312893 9434.031215 11358.598657 26470.053188 10983.277785 24632.351300 20115.235445 2053.494594 
8466.598109 23569.462606 19152.959138 25247.008678 9936.539952 7409.271569 6742.597059 18760.818112 4182.248006 20563.552067 
23685.605877 21864.392333 6810.218403 12634.441894 10154.082904 13586.248493 7698.882589 12186.698821 16452.533711 5486.989089 
17106.534349 1422.800965 12026.225536 12082.847241 9856.832180 22384.824192 8552.900416 19840.109965 17017.175479 27668.135875 
20893.604573 24483.773587 21237.598467 10046.563698 19730.782266 1174.138406 16455.835280 25473.379324 18934.956518 19638.083286 
16036.931378 12620.562381 11502.475606 21847.149781 24255.004289 20656.558510 5433.398260 1953.886864 2843.257318 20885.931972 
6440.875952 18949.791680 21308.732950 17467.101488 1032.638908 1165.565117 9851.925680 8585.539324 20005.675096 25869.101159 
6253.675185 10899.279655 20352.874747 26491.273653 19945.843352 10083.656999 26665.412058 6401.678619 5557.036310 15600.368562
 