N=214
R=10
C=7
m=2.000000
anpha=0.500000
eps=0.01
type=0
30871.73400 31332.03300 246.97205 238.34091 250.87733 252.01374 152.09861 148.56517 145.74888 164.97630
6416.69200 6417.00000 241.97470 258.33641 258.32415 249.73657 148.49387 151.93936 157.96836 165.94178
1622.12900 1649.65900 252.29105 251.22247 248.69304 255.08053 156.74736 160.80246 140.50891 124.73938
11816.66800 12184.85900 245.88178 265.28230 249.04523 250.79752 144.19646 154.38198 159.91273 152.57627
6847.00700 7032.17800 257.46738 250.41497 249.33046 244.17355 140.17300 150.33352 145.31414 144.43143
15731.00000 16170.00000 252.06088 240.64673 255.00027 261.36493 150.70659 144.74648 145.39332 131.99687
18674.60000 18674.60000 245.15757 256.00598 258.77801 238.84389 136.85896 159.45019 157.74079 146.68970
444.92100 452.83500 239.91325 253.99803 247.20080 254.82998 143.38713 136.37994 148.67279 140.05775
3151.00000 3151.00000 255.70936 254.98336 259.03175 254.68020 136.51017 148.35179 144.33929 154.52013
8322.12400 8322.12400 258.33587 241.58280 249.86147 248.90298 149.94144 157.68827 151.47717 157.53937
3046.88800 3141.81900 238.77140 251.80113 242.60469 259.90599 142.48167 147.65129 132.15637 146.54261
16928.32400 17461.44600 244.36437 253.70120 251.53525 243.54669 149.39128 139.52423 149.96938 146.46723
632.00000 632.00000 234.80528 249.58569 242.92556 254.30124 149.49222 135.24171 152.03431 157.75790
65298.29300 66627.61000 253.55419 261.84701 254.13898 245.49483 153.18292 159.90697 150.86027 150.85609
65374.32000 67220.00000 252.66236 242.93619 249.86343 249.66245 129.46154 139.11141 148.24287 147.99034
1236.65000 1267.60000 250.00030 247.77498 257.66503 236.88207 145.99984 156.78800 153.61737 166.36587
1419.81400 1419.81400 252.99728 256.26947 255.11670 254.04500 153.82722 124.24704 156.89909 155.72252
19397.48200 19883.27600 250.28220 254.73962 253.98230 248.21048 156.73705 142.15210 148.54890 161.06067
9214.07200 9214.07200 247.35772 247.92879 239.67406 248.36197 145.30239 162.42306 139.27074 140.44996
1210.91100 1238.31400 250.82911 252.20366 260.10456 247.54318 144.51025 144.99948 151.19180 157.69992
31120.67700 32117.98700 254.36264 255.59334 256.58623 243.05536 141.94683 153.85739 159.61525 149.32017
1877.88900 1877.88900 251.48425 251.66518 242.94566 244.80569 156.13273 163.72180 153.94656 145.41899
5299.94300 5484.42600 257.57607 249.07950 252.72916 250.61591 143.32560 149.81014 152.93895 157.64040
15529.00000 15981.00000 245.55174 246.08299 253.10557 243.35067 138.58101 144.32459 151.19099 146.48303
10816.29400 11174.64800 255.46827 253.98273 244.24800 248.14075 152.26509 140.00594 142.24919 155.29789
10524.60000 10813.47800 241.68556 234.58376 256.90436 246.36956 143.65094 154.82329 149.77259 162.85254
2724.00000 2635.44600 252.29157 251.63840 250.15026 242.97239 155.78286 130.10980 155.69011 147.50083
1199.88100 1210.20300 243.36998 247.37900 241.69880 242.60868 146.05454 151.82147 157.03907 145.19574
29170.00000 29631.00000 260.30736 250.39021 241.47878 249.71141 152.27238 143.99573 142.79403 150.85437
17653.23900 18077.57000 242.10159 240.55506 248.17229 256.67426 152.64614 157.50305 144.44011 148.23807
1830.29000 1860.14500 250.90051 254.59527 241.82526 246.77576 146.68141 158.83360 165.38483 151.91759
11090.25600 11456.23500 248.16292 241.50794 240.76394 256.51852 153.77167 144.33661 134.15161 159.22866
118800.69600 122443.74800 250.07871 245.48398 255.64010 251.62138 150.51480 147.67284 146.31915 151.31809
734.60850 745.52350 243.07168 259.37710 252.02651 260.35242 142.49065 135.28883 161.83854 155.70432
9556.66900 9556.66900 257.96620 245.21103 240.95645 249.48952 152.34719 153.58973 141.41699 145.81697
140.00000 140.36500 247.68581 244.09461 253.48439 260.41943 139.70961 146.72586 137.90637 162.75063
9666.71500 9858.48200 246.17467 244.07269 248.27564 254.64117 136.74034 144.41716 150.97080 125.51325
81.20200 83.72300 244.02062 241.59080 249.16091 249.54294 150.90801 166.09065 128.74317 165.23785
5054.47574 5166.50765 253.39707 245.83156 248.95233 246.95674 159.83659 167.32126 148.61320 152.69681
44928.79600 45587.11500 249.44469 260.74607 245.75462 240.56846 149.15240 150.91730 132.25442 142.02971
31626.52600 32468.40100 253.28568 243.67503 250.25116 245.60728 139.96421 141.42743 145.50124 144.85604
1029.84000 1056.03000 253.74779 253.87019 248.57417 235.61973 160.60262 159.05390 154.19210 155.57218
4740.00000 4854.00000 250.92793 261.15059 257.12888 238.93718 158.03471 158.79517 153.41587 144.67668
9673.60000 9748.90000 249.44937 245.22840 242.82813 241.35953 154.71723 147.55205 139.79922 163.32051
22787.00000 24067.18700 252.02165 246.99488 250.39061 247.42489 152.98516 151.13823 162.08659 154.20906
36308.00000 36308.00000 246.74519 252.59672 255.09798 264.78512 146.60856 140.64230 155.37135 156.16749
10089.49200 10409.44100 240.49892 242.84173 257.26484 247.27140 145.64316 135.62295 161.29879 157.01080
12960.49100 11640.00000 240.33114 252.20880 260.87270 254.95526 157.80792 152.35404 153.49290 144.87854
11.56100 11.91900 263.70169 253.53180 263.05170 247.62132 149.44529 152.15702 156.32551 157.32295
78.00000 78.32000 242.02154 248.52214 258.33172 242.18654 162.68330 145.65224 150.73556 160.39690
91.87000 93.31000 254.44692 245.79012 253.85829 242.30112 152.31296 157.68273 145.36676 154.42085
307.80000 312.10000 250.60193 235.96806 246.54839 253.23434 151.45604 148.31174 152.78251 155.62686
269.87400 270.75000 247.75297 258.65589 245.58104 233.72352 146.52019 145.59878 151.79692 135.43048
257.31000 265.20000 241.37854 257.38954 249.20743 252.65457 148.80658 139.46081 158.94878 150.38155
62.45500 62.75400 256.60940 235.15701 245.48725 245.06989 155.20650 147.59347 144.21660 145.40231
20.64700 20.98700 242.87304 248.72543 260.64709 249.73093 152.06756 137.95947 143.40480 148.25174
31019.02000 31353.65600 258.59214 245.12657 250.05267 244.51975 149.94501 152.44716 139.67759 156.75391
41.40000 42.50000 254.10857 248.24155 253.36095 254.67709 139.11908 138.72347 153.86164 145.50254
3906.74200 3997.88300 249.45175 256.22421 266.16501 253.67247 162.69915 166.30654 159.53290 143.91311
11157.36400 11184.45700 249.91749 256.39199 250.39159 242.25051 154.60207 144.98053 146.74955 150.56488
70.92200 70.38200 253.39848 249.96496 248.06648 258.93517 155.77401 152.34611 144.80655 159.91934
8688.21200 8823.18800 263.04380 246.34209 250.72397 244.34646 150.24770 158.30475 144.59188 138.63705
6396.89000 6517.79800 254.76307 233.44787 256.93080 251.53229 159.53912 152.31391 166.46345 145.25543
56.39400 56.60900 251.83164 258.49411 248.07733 249.06806 142.07699 163.87986 147.51941 147.96784
100.89500 100.89500 241.10650 238.35476 245.07512 251.96616 156.81799 147.60533 150.96491 148.56293
432.45300 436.76600 246.21154 240.66529 257.50880 245.01540 146.87694 150.71547 153.58420 134.51090
11678.41100 11986.55500 249.92100 249.99428 248.25395 252.77603 159.59730 145.56675 151.26874 144.70489
8719.73200 8860.67700 248.15191 238.35192 242.79717 251.70166 151.71397 150.56189 143.89297 138.43922
6530.33100 6694.76100 241.20387 247.56972 243.41040 241.77808 150.91917 154.30565 167.13727 153.93011
2604.09800 2615.24800 242.85201 247.18833 251.21566 249.18717 145.18378 153.04652 161.45378 134.62873
386.54200 389.30200 257.44883 248.28230 239.37723 250.06814 149.84720 153.00877 144.74185 141.85219
99715.52700 100909.37400 250.49961 252.21575 253.49878 258.94659 161.35762 163.57522 138.47577 154.26149
175.70400 172.58600 246.16529 251.82566 249.90776 245.93815 140.09779 151.47259 145.98708 141.59481
5173.92673 5244.69430 264.95416 248.19668 240.13330 262.39071 148.41419 139.55044 142.33838 162.21545
3003.95400 3060.09000 252.27882 242.16672 254.34245 258.88847 154.29075 143.29103 152.81639 146.54612
3839.81000 3858.80600 243.72770 250.94623 249.02672 241.85623 143.04799 133.11541 155.78003 148.33959
46.11100 46.11100 258.28604 249.89199 253.75353 244.98500 156.37528 138.09601 169.03292 149.34307
157.89800 159.13300 245.41108 252.20054 250.74770 262.93751 146.94453 149.84675 148.53466 153.71454
108.00000 107.85400 248.07426 265.48788 260.55968 236.38445 161.71959 151.78850 150.06346 148.32826
1266.79700 1275.70500 238.23620 245.98526 248.69928 250.06254 154.09565 161.77914 166.35845 162.80488
19.88600 20.90000 255.85865 244.94411 244.94957 248.59173 145.13858 146.01119 156.68718 143.33441
285081.55600 287803.91400 249.85675 251.95223 257.40806 254.35171 143.31541 142.86422 147.68042 153.65536
108.74900 108.92300 237.74569 254.88143 255.68040 254.45442 144.19683 142.73529 143.26919 155.49154
37156.19500 37515.63200 259.17056 252.28968 245.28905 248.95471 151.62160 157.33436 166.96851 152.55760
8624.26846 8823.74349 232.85688 253.31300 250.81862 245.86227 149.36782 143.55890 147.59853 153.60620
173808.01000 176303.91900 245.41705 242.43537 249.66588 252.65541 152.55102 154.30237 136.29344 149.06519
15571.67900 15745.58300 247.68747 246.50071 249.74815 248.77668 140.91973 148.68895 158.29722 162.70306
40806.31300 41327.45900 243.29914 259.04784 253.08637 258.96659 158.17852 151.49102 140.13606 144.74268
12479.92400 12660.72800 246.51589 242.16898 255.65355 250.28840 132.39300 135.36265 153.20967 163.36795
169.66700 175.42600 244.70654 249.37610 235.93805 257.58743 152.10155 153.28560 155.89607 147.09566
743.60000 747.71200 243.13167 245.18058 259.37636 243.63530 145.53893 156.77858 157.85906 140.39971
5456.41812 5566.85160 247.11000 246.45686 261.33824 250.56631 136.38293 149.46523 136.48246 149.34474
26366.53300 26739.37900 242.43261 242.12838 262.14973 263.56221 151.59260 147.93935 156.87685 146.14469
470.06400 476.37400 261.44548 241.20842 248.50524 248.60748 153.66910 139.39496 144.46129 143.74885
3308.35642 3308.52668 252.15249 245.99372 243.15646 246.87233 151.57671 145.13370 161.50078 146.77423
24765.58100 25219.91000 257.57464 266.60854 251.60502 248.13364 142.12202 146.65912 160.40648 154.16036
22080.00000 20297.80000 254.91171 246.58687 263.03736 257.74796 146.69010 127.13275 147.86461 159.58327
3214.09500 3211.59300 241.40704 245.31080 259.38651 252.71658 145.50635 141.33749 148.09269 139.68977
8152.80000 8230.20000 252.75141 238.04867 251.59501 254.79943 149.08053 141.75375 156.87977 160.90406
661.31700 710.55400 245.54247 242.98176 248.70066 242.62177 155.99040 161.13083 153.71160 143.50043
131000.00000 132900.00000 249.49922 251.95439 259.61293 251.25889 150.68839 145.70767 142.35189 148.72628
590.54300 601.58200 246.20588 261.43933 255.77651 251.61533 148.89195 162.16449 146.41340 157.30715
332.80000 344.20000 254.70144 246.44346 255.99446 251.87952 131.03339 156.72353 142.54422 157.73834
12921.82500 13163.86100 254.37483 242.66863 260.74969 253.04098 153.51016 145.03893 151.47973 147.66428
1276270.00000 1284530.00000 236.58005 253.28958 258.92046 254.46980 150.28944 162.75363 171.03541 151.79846
6714.30000 6744.10000 259.66548 259.23890 243.63400 233.86077 160.32267 148.61975 139.81196 152.19163
433.90300 438.40800 262.52111 252.73559 250.14227 247.15816 161.21157 134.40935 156.50884 146.37481
701.30000 709.60000 239.25574 251.54961 240.37865 244.12500 153.03996 159.45893 124.90971 160.34541
23149.00000 23313.00000 248.53950 255.29139 252.63014 240.58211 149.28714 141.48041 145.68616 140.93332
4385.80000 4357.10000 260.37313 250.22915 263.09317 241.53707 139.65163 145.92690 151.80054 155.39991
1034930.86255 1051258.25026 244.52158 244.62891 249.24960 243.16060 163.57929 139.29175 153.87606 145.36214
208198.13200 211309.62200 243.25208 233.34579 244.13269 251.80142 157.72530 158.46275 150.38711 170.09193
65301.30800 66300.41800 248.71316 248.82669 249.18108 251.17942 154.82873 154.50130 144.46496 152.92016
24813.00000 25565.00000 246.49156 245.06447 253.55715 247.05355 155.51424 154.05650 154.20780 150.96712
6439.00000 6569.90000 251.60393 243.28352 248.97770 255.21177 161.40660 145.33178 155.93294 156.54227
127149.00000 127445.00000 243.76653 250.97343 248.34699 249.47179 146.39352 147.26385 133.59387 151.90572
4978.00000 5098.00000 247.49000 235.45656 248.99518 259.75339 145.69004 153.44775 148.12400 140.66285
14858.33500 14858.94800 254.56263 247.36007 245.36990 251.74271 166.10403 148.70929 143.96973 150.98047
1952.87000 2021.89500 247.31539 246.30064 250.38772 258.77638 151.14011 144.60931 148.58651 160.30943
4902.12300 4919.46000 232.35998 254.09399 242.94355 256.60999 138.44001 146.35007 155.36630 156.42408
5377.00000 5526.00000 233.03230 248.43318 250.40649 247.02770 147.36657 143.29841 142.57406 141.16865
24123.37900 24727.10400 248.57957 239.40846 242.11554 244.29499 129.65214 142.91786 166.92005 149.60327
275.97500 280.54900 252.56630 245.89725 260.76186 250.98050 146.00041 147.89840 145.15442 140.84354
2425.01700 2458.96300 236.96063 246.82065 245.43548 250.72323 164.34469 155.82159 144.83939 150.12305
51138.00000 52171.00000 248.45558 248.04670 244.86437 249.54827 149.28175 157.46331 149.53975 167.49933
23701.45100 23701.45100 239.89197 254.28638 240.73548 245.36896 167.39625 144.86794 154.95482 143.93051
3138.47100 3225.21400 248.97720 251.73660 249.46357 262.16719 149.14948 146.57595 139.18760 158.25288
2477.68700 2537.74200 261.35380 254.38505 250.64270 244.34675 142.92888 150.74141 165.43033 143.13623
145280.00000 145280.00000 246.77064 240.15822 247.37829 246.70362 147.19142 158.48703 143.87355 135.46181
133652.12100 133652.12100 262.25907 255.27257 250.45493 247.95065 152.76437 151.91351 160.45665 148.82360
78568.10000 80217.20000 250.57976 255.36334 265.65795 252.28821 148.07314 146.50942 157.22638 142.68313
643.36500 676.49700 256.04313 254.75571 253.88330 257.01141 147.12341 136.97422 152.07007 140.98309
47357.36200 47622.17900 258.81556 250.30906 247.80104 251.58695 148.52405 156.19704 146.22724 146.44906
20979.42440 21494.81357 256.97684 258.51138 246.20108 256.38560 139.18104 134.87444 148.11201 160.45328
4138.00000 4176.00000 248.79501 247.64832 253.79041 256.52478 152.85872 145.09948 154.33651 156.60379
18732.00000 19007.00000 246.00823 239.50976 249.64758 253.87117 148.64036 156.43899 160.40700 154.75719
16720.00000 17130.00000 250.58449 261.04267 247.68458 255.56608 156.25428 140.80446 138.66987 152.21684
6312.75600 6441.00900 244.50640 241.15815 254.66659 240.25158 156.29444 148.79836 159.52643 141.19987
62914.00000 63482.28700 240.89606 245.76485 239.58005 253.90980 152.03936 163.71467 147.34070 126.13644
65135.00000 66009.00000 248.05852 240.94421 243.78095 243.09436 139.45260 145.24280 154.06328 138.74887
4973.96200 5051.81700 249.49868 233.09786 245.13956 240.26028 159.04806 144.00670 141.81513 154.32173
3167.00000 3349.00000 252.30754 254.18981 251.03023 249.28993 153.21358 142.56153 158.09209 144.70293
24964.43300 25271.83100 231.55513 250.19637 243.86583 248.14166 152.26325 142.68682 159.78561 149.80042
78620.97700 79538.68900 247.70696 241.89227 254.06037 251.67829 140.63368 131.77249 157.76391 158.31024
17993.00000 18540.00000 247.54381 256.24469 261.04809 242.24278 158.98930 145.97968 152.76288 156.75955
25.89200 26.13250 249.81848 242.22561 255.25584 253.50117 150.43805 140.44226 148.80756 152.38910
3073.73300 3093.46450 246.37917 246.08553 244.72641 256.48069 157.95737 156.42898 166.19190 145.64578
66.08900 66.09400 248.26036 248.95116 241.19109 252.18834 145.72531 161.98943 146.88750 145.97479
8042.29300 8082.12100 268.83194 252.02787 240.04038 251.72750 153.49128 147.99977 147.02973 146.86163
9970.68800 9924.76600 239.94959 251.04001 238.14849 255.03432 143.34569 137.89682 147.56351 154.30758
9680.84100 9680.84100 257.99241 260.86355 259.68541 244.69335 155.87854 157.57329 145.01873 144.99174
10286.57000 10332.78500 253.09864 256.37769 242.48140 251.41233 151.41074 162.24911 132.88160 144.65354
3797.93700 3828.39700 255.34004 240.98269 243.32927 255.44722 159.69687 156.60160 147.84997 154.44019
7913.30100 7868.90000 249.95568 253.67141 259.54990 253.37428 160.24330 147.38159 147.10194 134.10733
4439.63500 4440.38500 244.49054 255.26400 248.83179 244.28640 150.46990 130.56642 139.04147 145.61454
10224.19200 10200.77400 264.65846 250.56107 243.43894 254.45017 166.26582 132.46677 137.60652 145.65222
5358.78300 5374.25500 261.77420 254.15544 255.53107 250.73678 142.58641 142.50123 148.54276 157.16468
1364.10100 1358.64400 248.88995 256.09635 248.63669 250.52832 138.22089 147.10868 171.75635 164.00095
46.55300 47.31500 246.31356 245.20161 248.12129 241.68158 159.05918 141.15602 154.15887 154.90711
5188.00800 5200.59800 251.74005 250.71716 249.71295 234.26692 144.40894 131.37310 147.11284 154.01417
59476.23600 59893.87000 246.42457 251.74470 252.58438 251.25438 159.94671 163.92805 166.08405 142.61124
82339.77700 82482.30900 249.73902 238.77683 252.37560 249.08206 132.52517 155.47921 151.43798 155.26861
29.00000 28.52000 253.39633 254.19126 249.39778 252.27704 152.68910 142.60894 156.01352 148.04909
10949.95300 10987.55900 247.65400 247.74286 247.32338 243.32640 146.62207 157.14046 145.39348 138.47929
60.00000 60.00000 251.63503 258.64671 245.95028 246.48924 149.41469 141.02091 156.53548 149.68077
10187.57550 10158.60750 255.06005 250.27649 260.78895 238.09263 150.40782 153.43545 140.40546 137.04733
285.05400 287.55900 242.76381 244.65405 265.23498 253.02129 162.82330 164.16226 160.32560 160.25789
3847.19800 3978.86200 246.89364 250.20997 247.79030 256.84492 142.15152 139.16317 151.63132 160.02326
77.00000 77.15600 250.12806 255.72574 254.91639 248.38111 151.82031 151.93138 159.00804 150.16411
56977.21700 57157.40600 249.20417 250.89558 244.40413 248.32972 144.66177 147.67352 153.03288 150.23015
87.25000 87.50000 249.37376 242.83715 256.56277 242.07797 130.61253 163.69033 154.68897 134.62964
2355.01100 2338.62400 245.02509 241.81349 257.45806 245.23724 152.11309 148.75760 159.61969 146.92482
33.10400 33.67800 237.91959 255.69240 260.09307 254.70591 125.50588 154.66103 147.21462 152.66708
3481.29200 3469.07000 250.97066 243.98326 244.73425 258.60731 163.36718 144.02914 144.05582 155.97547
441.52500 446.17500 258.05528 245.74383 255.64311 251.51993 149.33428 152.49012 144.92946 155.20958
385.07700 386.93800 247.38577 244.17579 252.00806 237.26776 162.40673 138.31143 161.51020 148.43932
658.22300 658.22300 238.98864 264.10966 249.49613 268.40237 135.56304 162.43133 146.84381 152.28257
618.00000 617.51100 248.29678 251.21294 256.46245 248.75013 163.91325 155.87973 150.94091 151.12106
16046.18000 16148.92850 246.34807 260.02373 243.90918 255.65279 145.50338 152.38906 152.66241 156.19547
4513.75100 4538.15900 246.42556 255.20460 255.93529 244.19070 149.98136 149.54665 147.02663 177.33951
38250.79000 38232.30100 253.73096 257.22994 242.63583 252.53480 160.76930 149.79447 160.98678 144.22049
10292.99900 10368.40250 249.74249 241.40655 248.07431 248.87695 147.08236 158.91318 155.68285 154.76293
3631.46200 3623.06200 242.41498 236.32051 243.63359 249.96095 148.71043 144.57942 146.72836 140.98619
22408.39300 21794.79300 237.93557 258.84154 245.79697 235.55253 154.66910 145.70137 152.56527 151.00626
145976.48200 145306.49700 250.77638 260.41330 250.37102 251.13387 150.91249 156.87116 149.78656 142.31783
27.63400 28.48600 249.81186 251.21503 256.17517 251.27606 144.18963 154.36979 158.43114 143.13413
7503.43300 7500.03100 255.28707 253.55624 250.92316 251.96073 147.74346 162.08045 147.60273 153.23862
5379.78000 5378.80900 243.12007 243.39139 249.90860 252.48042 152.23861 146.87383 140.41057 154.32044
1992.03500 1995.71800 243.73704 255.68478 250.76676 269.12151 147.43061 144.03530 152.05037 147.96898
40721.44700 41314.01900 252.87755 240.85197 252.68665 253.49653 165.59055 140.18331 143.49956 163.07841
8895.96000 8924.95800 246.42450 251.64445 245.81522 250.14540 152.57023 147.13122 145.89862 152.47990
7226.64700 7284.75400 252.93610 258.33773 255.39850 231.49045 141.92874 150.47131 155.79055 147.52949
2034.88200 2031.15300 251.99801 255.78265 249.94314 256.00907 158.56383 148.23786 154.22161 143.81853
48690.15100 48230.28250 255.42352 259.14162 258.62052 256.70995 156.17023 150.17224 163.85150 141.00726
59113.49700 59323.49800 238.41817 243.06723 254.79665 243.17591 150.16763 156.96000 167.94802 148.42651
59.40000 60.80000 245.75292 254.80756 250.14034 257.44660 162.02480 142.12167 143.61043 140.93020
19413.24000 19651.43800 240.61265 253.35657 238.56218 239.90135 134.45160 138.30820 146.58071 138.08481
18.20000 18.40000 252.05647 249.01745 242.08762 247.95223 147.45406 152.99732 145.15422 139.48719
809.94500 811.49200 245.92225 243.72556 251.74021 239.57236 158.10155 144.03137 144.90353 143.83425
239.30000 243.30000 252.19456 235.82441 253.70293 252.40430 143.33015 152.85443 151.82516 161.70058
158.33000 161.05700 255.30735 245.15642 254.76125 242.49221 137.87815 145.40231 172.08364 147.56974
54.58400 54.58400 256.29841 235.13835 251.99299 244.86674 158.18151 154.03715 155.93029 154.48998
107.26200 107.47200 244.58637 251.06289 247.64210 256.79533 151.90526 142.15211 149.29802 158.65682
11.70000 11.70000 249.24935 257.09444 246.67257 250.48264 155.51666 143.71728 161.53189 153.49485
217.32300 221.48900 252.79014 257.81428 254.34316 247.98628 152.49809 149.43636 143.77759 143.60648
3880.50000 3948.50000 240.39759 245.19892 252.32179 243.01595 149.30797 148.56741 160.11980 151.03333
72.07900 74.37200 252.03993 257.74955 251.71471 251.15483 150.39595 163.05227 152.58734 131.10734
19.62600 19.97600 252.84362 258.51187 260.13897 242.82404 165.58617 154.05203 156.96330 142.99575
5461.94000 5461.94000 251.43793 254.12218 248.15184 267.46723 157.95163 160.66265 139.30633 155.14342
178.32900 178.32900 255.99163 244.04333 255.68315 254.90169 140.42870 154.04912 151.60596 150.70538
426.07200 437.09800 255.31957 238.00964 260.75915 238.73107 144.54458 155.20637 148.96968 155.71270
100.67300 101.00200 257.76668 242.23207 252.69829 256.75662 142.66529 136.90047 157.61616 129.14199
9.31500 9.34600 255.72808 250.25934 243.51791 249.21657 147.56856 153.55429 154.25870 148.22631
215.54100 215.54100 244.37879 238.34496 243.69020 254.11845 149.40776 149.30658 148.87211 157.85347





0.840188	0.394383	0.783099	0.798440	0.911647	0.197551	0.335223	
0.768230	0.277775	0.553970	0.477397	0.628871	0.364784	0.513401	
0.952230	0.916195	0.635712	0.717297	0.141603	0.606969	0.016301	
0.242887	0.137232	0.804177	0.156679	0.400944	0.129790	0.108809	
0.998925	0.218257	0.512932	0.839112	0.612640	0.296032	0.637552	
0.524287	0.493583	0.972775	0.292517	0.771358	0.526745	0.769914	
0.400229	0.891529	0.283315	0.352458	0.807725	0.919026	0.069755	
0.949327	0.525995	0.086056	0.192214	0.663227	0.890233	0.348893	
0.064171	0.020023	0.457702	0.063096	0.238280	0.970634	0.902208	
0.850920	0.266666	0.539760	0.375207	0.760249	0.512535	0.667724	
0.531606	0.039280	0.437638	0.931835	0.930810	0.720952	0.284293	
0.738534	0.639979	0.354049	0.687861	0.165974	0.440105	0.880075	
0.829201	0.330337	0.228968	0.893372	0.350360	0.686670	0.956468	
0.588640	0.657304	0.858676	0.439560	0.923970	0.398437	0.814767	
0.684219	0.910972	0.482491	0.215825	0.950252	0.920128	0.147660	
0.881062	0.641081	0.431953	0.619596	0.281059	0.786002	0.307458	
0.447034	0.226107	0.187533	0.276235	0.556444	0.416501	0.169607	
0.906804	0.103171	0.126075	0.495444	0.760475	0.984752	0.935004	
0.684445	0.383188	0.749771	0.368664	0.294160	0.232262	0.584489	
0.244413	0.152390	0.732149	0.125475	0.793470	0.164102	0.745071	
0.074530	0.950104	0.052529	0.521563	0.176211	0.240062	0.797798	
0.732654	0.656564	0.967405	0.639458	0.759735	0.093480	0.134902	
0.520210	0.078232	0.069906	0.204655	0.461420	0.819677	0.573319	
0.755581	0.051939	0.157807	0.999994	0.204329	0.889956	0.125468	
0.997799	0.054058	0.870540	0.072329	0.004162	0.923069	0.593892	
0.180372	0.163131	0.391690	0.913027	0.819695	0.359095	0.552485	
0.579430	0.452576	0.687387	0.099640	0.530808	0.757294	0.304295	
0.992228	0.576971	0.877614	0.747809	0.628910	0.035421	0.747803	
0.833239	0.925377	0.873271	0.831038	0.979434	0.743811	0.903366	
0.983596	0.666880	0.497259	0.163968	0.830012	0.888949	0.076995	
0.649707	0.248044	0.629480	0.229137	0.700620	0.316867	0.328777	
0.231428	0.074161	0.633072	0.223656	0.651132	0.510686	0.971466	
0.280042	0.546107	0.719269	0.113281	0.471483	0.592540	0.944318	
0.450918	0.336351	0.847684	0.434513	0.003231	0.344943	0.598481	
0.833243	0.233892	0.675476	0.482950	0.481936	0.304956	0.712087	
0.182556	0.621823	0.040864	0.413984	0.695984	0.673936	0.637640	
0.347116	0.184622	0.609106	0.627158	0.730729	0.328374	0.740438	
0.202213	0.920914	0.684757	0.653130	0.257265	0.532441	0.087644	
0.260497	0.877384	0.686125	0.093740	0.111276	0.361601	0.576691	
0.593211	0.666557	0.288778	0.775767	0.288379	0.329642	0.189751	
0.984363	0.003579	0.827391	0.331479	0.188201	0.436497	0.958637	
0.918930	0.764871	0.699075	0.121143	0.685786	0.383832	0.774273	
0.943051	0.916273	0.861917	0.203548	0.793657	0.548042	0.297288	
0.904932	0.909643	0.873979	0.498144	0.576200	0.162757	0.273911	
0.864579	0.492399	0.463662	0.848942	0.495977	0.291053	0.180421	
0.684178	0.727550	0.139058	0.603109	0.492422	0.838134	0.724252	
0.178208	0.221966	0.498525	0.121259	0.138238	0.360443	0.324807	
0.931895	0.908485	0.622095	0.836828	0.818128	0.496074	0.334972	
0.394327	0.658831	0.608883	0.258906	0.151230	0.072545	0.107848	
0.647207	0.363598	0.288270	0.331386	0.091149	0.427328	0.934495	
0.583570	0.265461	0.658747	0.761778	0.487427	0.157272	0.883037	
0.625665	0.517715	0.207844	0.557561	0.426199	0.829939	0.394388	
0.244327	0.326013	0.729360	0.638654	0.984845	0.338243	0.897560	
0.136075	0.410788	0.005409	0.783282	0.774386	0.293678	0.114668	
0.865535	0.721006	0.049162	0.449105	0.986467	0.707909	0.210883	
0.473894	0.865181	0.093920	0.099559	0.382896	0.301763	0.657120	
0.809095	0.131702	0.051508	0.053422	0.457716	0.780868	0.692076	
0.442560	0.119111	0.589637	0.578635	0.529899	0.595045	0.361917	
0.304285	0.888723	0.476585	0.169820	0.609729	0.525747	0.618925	
0.596196	0.233656	0.829808	0.070090	0.098837	0.923728	0.169650	
0.481733	0.225491	0.826769	0.290829	0.357193	0.878278	0.344251	
0.814909	0.659146	0.036327	0.257469	0.778257	0.625964	0.836104	
0.308157	0.221009	0.198021	0.612442	0.109733	0.674605	0.782262	
0.719462	0.200352	0.401188	0.315658	0.434009	0.230996	0.385748	
0.532846	0.154724	0.555398	0.014579	0.380215	0.382167	0.305408	
0.737408	0.260445	0.649659	0.552316	0.919591	0.685986	0.809785	
0.697848	0.311950	0.645889	0.006005	0.532960	0.843910	0.618447	
0.642693	0.518515	0.400709	0.362154	0.718867	0.801897	0.677812	
0.152876	0.032893	0.063561	0.685722	0.187616	0.618958	0.700301	
0.567831	0.001125	0.005709	0.305239	0.261570	0.655368	0.857555	
0.181161	0.341354	0.667341	0.879009	0.653305	0.313230	0.885014	
0.186265	0.157139	0.503461	0.828957	0.675654	0.904170	0.191112	
0.394521	0.706067	0.868924	0.547397	0.738959	0.932485	0.233119	
0.926576	0.551443	0.933420	0.494407	0.552568	0.939129	0.799646	
0.814139	0.594497	0.657201	0.995300	0.935852	0.324541	0.874309	
0.589157	0.637771	0.759324	0.775421	0.794910	0.262785	0.604379	
0.470564	0.166955	0.795490	0.865086	0.873021	0.664414	0.412483	
0.611981	0.596899	0.645601	0.538557	0.148342	0.579022	0.032963	
0.700910	0.518151	0.832609	0.515049	0.112648	0.489810	0.510349	
0.048500	0.814351	0.384658	0.637656	0.452122	0.143982	0.413078	
0.247033	0.406767	0.017457	0.717597	0.573721	0.812947	0.582682	
0.446743	0.477361	0.995165	0.058723	0.074260	0.640766	0.597280	
0.222602	0.219788	0.630243	0.923513	0.737939	0.462852	0.438562	
0.850586	0.952662	0.948911	0.899086	0.767014	0.333569	0.536742	
0.219136	0.477551	0.949820	0.466169	0.884318	0.967277	0.183765	
0.458039	0.780224	0.766448	0.904782	0.257585	0.761612	0.963505	
0.331846	0.402379	0.560785	0.554448	0.622167	0.191028	0.477961	
0.360105	0.653880	0.916523	0.210692	0.606542	0.865434	0.109778	
0.373556	0.199003	0.646520	0.592692	0.676554	0.596341	0.058860	
0.560872	0.563617	0.242626	0.018911	0.343841	0.009073	0.923692	
0.601427	0.770686	0.887197	0.933273	0.173065	0.447982	0.487721	
0.795231	0.639009	0.965682	0.155336	0.292889	0.882204	0.366028	
0.899431	0.747638	0.475806	0.272987	0.946640	0.122326	0.865679	
0.623194	0.718666	0.924540	0.184066	0.282284	0.167165	0.202977	
0.626125	0.176239	0.126669	0.227552	0.946925	0.013866	0.160824	
0.119989	0.461848	0.648545	0.915221	0.100857	0.614227	0.070557	
0.393746	0.496431	0.436585	0.293177	0.244069	0.912391	0.566164	
0.190709	0.034716	0.431844	0.813904	0.753383	0.356383	0.997970	
0.035666	0.523548	0.200947	0.661792	0.699787	0.327616	0.889343	
0.646712	0.341482	0.050168	0.766701	0.803330	0.698713	0.681922	
0.904187	0.312940	0.752479	0.297933	0.809371	0.189064	0.591111	
0.053439	0.101454	0.157275	0.244149	0.136171	0.589119	0.058052	
0.889553	0.945502	0.056022	0.925220	0.469050	0.256969	0.587011	
0.168837	0.584585	0.476355	0.815549	0.926068	0.526523	0.582250	
0.729398	0.225236	0.264172	0.633585	0.538175	0.016651	0.931518	
0.347546	0.205714	0.522629	0.400985	0.307168	0.679904	0.645134	
0.443339	0.269022	0.703186	0.332892	0.214524	0.759208	0.258112	
0.683574	0.016177	0.845123	0.852411	0.600763	0.321478	0.667960	
0.526830	0.848000	0.250210	0.256228	0.073236	0.514382	0.889813	
0.611411	0.531033	0.821331	0.958957	0.736747	0.343959	0.359942	
0.043915	0.023863	0.005076	0.487254	0.292886	0.708262	0.820146	
0.507410	0.467471	0.078258	0.190984	0.483648	0.923381	0.043395	
0.084411	0.244858	0.711355	0.611241	0.092858	0.961565	0.867469	
0.166094	0.475947	0.757282	0.777505	0.006980	0.578613	0.736462	
0.743727	0.922572	0.096404	0.787642	0.946435	0.101480	0.274897	
0.239321	0.809743	0.095043	0.746730	0.277214	0.173301	0.937714	
0.760862	0.096681	0.981109	0.845273	0.341540	0.692463	0.456514	
0.434398	0.654029	0.323983	0.600492	0.129976	0.081265	0.377997	
0.136956	0.659878	0.114459	0.880683	0.582450	0.210863	0.668326	
0.528885	0.312343	0.943222	0.768206	0.122086	0.038265	0.514936	
0.399300	0.211565	0.452650	0.160162	0.308247	0.433758	0.005435	
0.649787	0.126222	0.461949	0.084185	0.780251	0.785932	0.684677	
0.910227	0.867197	0.062674	0.047183	0.527075	0.177133	0.927866	
0.109525	0.387996	0.596191	0.638409	0.700340	0.539413	0.406615	
0.822426	0.577678	0.921551	0.221726	0.789244	0.374201	0.381888	
0.097491	0.807959	0.387323	0.747277	0.934181	0.849272	0.831462	
0.714432	0.635204	0.516139	0.624658	0.502401	0.578813	0.671841	
0.029476	0.755945	0.599707	0.139001	0.143942	0.195898	0.777410	
0.844281	0.735311	0.184025	0.666707	0.312990	0.105576	0.888433	
0.102233	0.479777	0.270321	0.199724	0.287736	0.657643	0.947001	
0.221918	0.506915	0.778463	0.936349	0.142119	0.294601	0.561007	
0.644520	0.873414	0.232848	0.673996	0.629359	0.832555	0.812997	
0.773301	0.028453	0.590407	0.617582	0.763764	0.774432	0.284289	
0.076753	0.880009	0.172722	0.178987	0.359786	0.443043	0.378710	
0.647522	0.100686	0.325711	0.869440	0.607600	0.104174	0.805789	
0.749719	0.398775	0.366796	0.394239	0.272189	0.599644	0.068235	
0.901549	0.432199	0.881232	0.674850	0.460652	0.471639	0.292432	
0.224415	0.246071	0.576721	0.301169	0.126080	0.749443	0.480156	
0.485866	0.192486	0.858866	0.133388	0.293171	0.184577	0.002828	
0.900772	0.288752	0.808617	0.650491	0.687527	0.175413	0.044729	
0.959716	0.775058	0.112964	0.861265	0.207257	0.994196	0.536115	
0.667908	0.465835	0.828546	0.892324	0.711906	0.405267	0.193493	
0.837986	0.154711	0.673648	0.323852	0.347196	0.532514	0.457240	
0.640368	0.717092	0.460067	0.541140	0.005843	0.268684	0.191630	
0.693370	0.444097	0.236360	0.653087	0.219155	0.349324	0.514352	
0.426412	0.343520	0.050466	0.094320	0.809355	0.879013	0.986644	
0.521261	0.284280	0.180136	0.359247	0.438990	0.853785	0.683098	
0.786187	0.386299	0.140338	0.426555	0.103390	0.600405	0.967694	
0.109233	0.869090	0.159324	0.802604	0.313187	0.395684	0.455690	
0.532342	0.745008	0.970042	0.958753	0.088528	0.020508	0.053073	
0.897883	0.899521	0.039717	0.419144	0.183801	0.219853	0.778391	
0.622791	0.073638	0.461489	0.408978	0.459937	0.601827	0.835533	
0.563327	0.202232	0.803227	0.672560	0.071322	0.962551	0.475164	
0.384509	0.358235	0.930854	0.916851	0.103244	0.900896	0.875604	
0.191772	0.921405	0.928678	0.089655	0.820926	0.968395	0.508799	
0.004727	0.188248	0.287189	0.627518	0.261886	0.748678	0.036496	
0.721822	0.350505	0.872028	0.285149	0.552738	0.675255	0.957709	
0.624060	0.637806	0.432873	0.008569	0.996042	0.363727	0.925420	
0.099285	0.264624	0.801024	0.291057	0.186029	0.729702	0.380712	
0.006954	0.698096	0.889511	0.011681	0.886344	0.176700	0.639199	
0.148230	0.925379	0.675694	0.870053	0.275884	0.547723	0.155202	
0.828622	0.222978	0.112911	0.452681	0.860784	0.545784	0.461250	
0.856826	0.909512	0.386669	0.956111	0.174136	0.187693	0.247168	
0.360164	0.917395	0.627880	0.367118	0.615491	0.517391	0.378799	
0.501835	0.694091	0.017998	0.650066	0.619470	0.693692	0.520118	
0.895354	0.241415	0.675320	0.723975	0.464393	0.788231	0.176656	
0.325177	0.334016	0.637906	0.182003	0.243528	0.024575	0.138114	
0.417663	0.212269	0.385282	0.777828	0.129663	0.013161	0.144946	
0.745154	0.530552	0.523745	0.246990	0.224643	0.541743	0.897055	
0.844113	0.235435	0.417174	0.739467	0.476850	0.092494	0.463442	
0.941243	0.880725	0.640098	0.266420	0.214741	0.278005	0.448423	
0.458269	0.302580	0.586537	0.875932	0.514849	0.971818	0.653760	
0.644512	0.984980	0.798706	0.389667	0.515532	0.322451	0.636656	
0.740175	0.864194	0.533712	0.584288	0.099629	0.950885	0.323755	
0.576479	0.043379	0.787197	0.517722	0.924104	0.427295	0.784142	
0.138845	0.705300	0.232565	0.597114	0.007880	0.819102	0.473045	
0.522729	0.790920	0.126805	0.167241	0.775899	0.925511	0.556908	
0.291431	0.247962	0.193564	0.031606	0.112157	0.727276	0.615894	
0.211786	0.678161	0.939649	0.788265	0.721540	0.726846	0.305987	
0.645644	0.154141	0.090130	0.784489	0.859441	0.322695	0.381603	
0.867321	0.141796	0.854648	0.390050	0.932716	0.981453	0.557291	
0.708616	0.906964	0.114199	0.000047	0.154927	0.307763	0.031653	
0.267083	0.035039	0.647548	0.478869	0.713200	0.587197	0.267134	
0.434740	0.314043	0.573122	0.080384	0.468185	0.663252	0.864873	
0.327626	0.985946	0.246476	0.194948	0.127743	0.101124	0.584998	
0.060459	0.082577	0.142289	0.769074	0.989541	0.256489	0.769121	
0.144468	0.564252	0.800775	0.411551	0.599291	0.448322	0.890420	
0.312491	0.035519	0.157555	0.747231	0.349562	0.730677	0.827615	
0.817747	0.393928	0.692488	0.145373	0.379874	0.938963	0.340321	
0.507617	0.040087	0.925318	0.568076	0.122664	0.067608	0.337150	
0.112205	0.324096	0.106272	0.256673	0.888348	0.907046	0.668224	
0.487639	0.355369	0.558645	0.800129	0.390888	0.716199	0.547360	
0.740450	0.446876	0.374975	0.558198	0.840804	0.067462	0.703571	
0.220679	0.006426	0.043891	0.728296	0.046513	0.969210	0.296372	
0.169177	0.036818	0.633522	0.281382	0.360914	0.739794	0.538055	
0.249262	0.646840	0.206280	0.736901	0.002209	0.764925	0.537030	
0.393097	0.481124	0.084390	0.133548	0.928000	0.459365	0.691745	
0.768804	0.526827	0.395316	0.989483	0.533253	0.439207	0.717778	
0.579765	0.408417	0.014150	0.748942	0.445235	0.647672	0.030324	
0.806149	0.387466	0.568379	0.055411	0.034307	0.774659	0.792311	
0.036516	0.539584	0.329342	0.429613	0.020708	0.413732	0.563161	
0.948708	0.873097	0.254906	0.717512	0.399924	0.650222	0.706995	
0.933176	0.089430	0.424774	0.512941	0.497847	0.438924	0.261883	
0.943081	0.086596	0.292207	0.749230	0.474063	0.860587	0.804641	
0.508369	0.635246	0.596952	0.544885	0.174830	0.926294	0.974499	
0.195538	0.340026	0.537660	0.144246	0.213122	0.792566	0.861759	
0.613046	0.442789	0.568754	0.546222	0.532218	0.993528	0.059163	
0.030065	0.432452	0.321047	0.973147	0.519048	0.613254	0.722377	
0.993110	0.473841	0.527017	0.501480	0.109087	0.123969	0.046365	
0.283917	0.050263	0.020864	0.479455	0.390289	0.558524	0.623701	
0.603411	0.351090	0.485460	0.216457	0.793879	0.054214	0.762679	
0.326097	0.047742	0.821842	0.356162	0.480193	0.142889	0.329309	
0.999241	0.756143	0.051685	0.992352	0.229984	0.578702	0.493831	
0.339071	0.702672	0.540197	0.622988	0.752935	0.561060	0.102443	

0.022889	0.072422	0.157501	0.150492	0.041585	0.169802	0.640242	
0.061315	0.191981	0.323716	0.308675	0.116371	0.347852	0.460718	
0.037918	0.057867	0.100587	0.224182	0.383399	0.128838	0.772545	
0.512284	0.782106	0.054669	0.013239	0.364932	0.713027	0.569192	
0.000389	0.297402	0.360980	0.081303	0.193687	0.328946	0.091327	
0.461771	0.343796	0.005855	0.166432	0.215998	0.445256	0.190027	
0.154895	0.052982	0.553787	0.033679	0.034408	0.003954	0.786061	
0.031701	0.178525	0.576106	0.244133	0.095353	0.099837	0.207003	
0.835057	0.714308	0.518769	0.238379	0.083284	0.020490	0.074299	
0.090843	0.121011	0.005406	0.362410	0.202325	0.110563	0.270903	
0.369371	0.161063	0.360580	0.003193	0.045396	0.115496	0.070753	
0.218337	0.166589	0.609689	0.143786	0.700040	0.321500	0.091487	
0.020921	0.323944	0.062296	0.001579	0.138143	0.011721	0.011720	
0.132451	0.251932	0.004100	0.521959	0.068440	0.024517	0.094726	
0.234959	0.023821	0.169060	0.417688	0.021651	0.077305	0.493926	
0.010861	0.137022	0.385335	0.352392	0.607132	0.133152	0.268021	
0.378137	0.152014	0.121774	0.583588	0.301694	0.134600	0.681860	
0.083207	0.240425	0.078975	0.108377	0.000774	0.001820	0.009498	
0.285070	0.098773	0.164531	0.408759	0.301889	0.755609	0.074832	
0.652010	0.806984	0.203457	0.834500	0.068946	0.366075	0.224489	
0.165024	0.003002	0.253550	0.412483	0.211371	0.317266	0.135166	
0.250437	0.222604	0.015958	0.299094	0.220143	0.525750	0.038381	
0.441158	0.644633	0.177184	0.654469	0.462898	0.152918	0.200679	
0.070193	0.789000	0.547780	0.000001	0.624041	0.045119	0.091241	
0.000260	0.802115	0.127509	0.274999	0.904329	0.019428	0.064403	
0.134986	0.560722	0.503106	0.008823	0.057371	0.202944	0.416643	
0.098599	0.490831	0.304916	0.138586	0.279621	0.040261	0.679563	
0.003539	0.005882	0.054722	0.187283	0.313990	0.094089	0.225142	
0.105130	0.037876	0.126355	0.126477	0.007311	0.251572	0.004348	
0.004324	0.078121	0.102347	0.358080	0.153761	0.003402	0.488966	
0.078021	0.261144	0.170724	0.352416	0.073020	0.297947	0.410180	
0.645499	0.557383	0.215714	0.229262	0.214880	0.017133	0.001082	
0.332667	0.060167	0.261264	0.082012	0.338310	0.378003	0.046831	
0.546678	0.603712	0.134956	0.146595	0.143734	0.058699	0.276062	
0.008127	0.092119	0.070519	0.140362	0.242210	0.471287	0.209784	
0.581558	0.043194	0.325849	0.323072	0.217751	0.302464	0.306778	
0.216876	0.784913	0.345763	0.296129	0.025633	0.547507	0.230163	
0.586619	0.058753	0.229427	0.253537	0.484700	0.286991	0.903383	
0.589227	0.086250	0.212716	0.766267	0.732006	0.571373	0.049525	
0.118452	0.191089	0.601433	0.000588	0.489092	0.124261	0.448817	
0.006310	0.112584	0.069136	0.491846	0.061392	0.160643	0.021921	
0.013848	0.023578	0.125397	0.796355	0.264939	0.089025	0.143800	
0.028233	0.063489	0.086608	0.233006	0.095270	0.137815	0.097032	
0.027129	0.018066	0.032145	0.289347	0.327604	0.084318	0.420533	
0.062336	0.145212	0.071387	0.130491	0.201136	0.378320	0.491397	
0.149916	0.223059	0.111528	0.256196	0.466461	0.088419	0.152112	
0.626347	0.537412	0.094622	0.226661	0.386948	0.521818	0.371690	
0.062025	0.011058	0.260216	0.031997	0.058340	0.475531	0.513830	
0.056805	0.015135	0.137603	0.410638	0.280464	0.449741	0.372872	
0.257362	0.011809	0.012469	0.136521	0.760956	0.084218	0.055659	
0.314931	0.509263	0.136954	0.123503	0.196849	0.497219	0.090807	
0.311844	0.195768	0.258931	0.329081	0.302250	0.002626	0.569201	
0.640450	0.646418	0.192837	0.340139	0.000052	0.042578	0.050749	
0.288460	0.323631	0.908415	0.013738	0.128107	0.657497	0.236896	
0.054470	0.021744	0.111505	0.088888	0.010437	0.151477	0.536433	
0.081698	0.014642	0.413320	0.889951	0.317515	0.546741	0.251036	
0.007880	0.693314	0.637402	0.841318	0.410819	0.084265	0.255610	
0.424228	0.395414	0.133581	0.039997	0.469227	0.096733	0.101019	
0.393746	0.018889	0.222920	0.806144	0.096664	0.257598	0.050454	
0.007645	0.047330	0.138228	0.162011	0.153529	0.020468	0.134992	
0.354957	0.039795	0.154991	0.514978	0.546293	0.068983	0.403265	
0.112429	0.324243	0.428910	0.273589	0.088730	0.288231	0.075946	
0.275554	0.007377	0.498586	0.373702	0.159552	0.015485	0.203649	
0.119763	0.472394	0.040537	0.305105	0.369317	0.676635	0.380872	
0.384413	0.125300	0.347959	0.500372	0.123720	0.418484	0.162496	
0.012991	0.180503	0.297409	0.294083	0.015707	0.092317	0.004823	
0.179927	0.044439	0.173066	0.987807	0.034588	0.017237	0.365537	
0.090497	0.076082	0.535357	0.433850	0.210503	0.190380	0.040601	
0.339936	0.813239	0.698654	0.070450	0.803557	0.201459	0.219361	
0.081573	0.205815	0.960368	0.165509	0.332379	0.280804	0.127506	
0.528522	0.071651	0.306206	0.029151	0.060107	0.281035	0.026988	
0.201343	0.437984	0.095700	0.085642	0.219795	0.008246	0.146317	
0.258190	0.013834	0.040228	0.374622	0.231795	0.003577	0.039777	
0.064400	0.260918	0.052186	0.033294	0.352455	0.045634	0.060923	
0.044206	0.228900	0.068286	0.004152	0.043189	0.080839	0.015615	
0.347837	0.191580	0.086390	0.021127	0.009953	0.406708	0.235307	
0.384469	0.531260	0.158631	0.020589	0.086955	0.027709	0.575952	
0.222243	0.054638	0.011406	0.207586	0.610832	0.343515	0.498713	
0.151027	0.272573	0.137225	0.360222	0.115502	0.009687	0.306571	
0.764468	0.025743	0.461714	0.235551	0.365741	0.093550	0.436758	
0.539193	0.392107	0.333012	0.124901	0.127329	0.021435	0.248257	
0.544127	0.103044	0.002781	0.523595	0.307999	0.218194	0.002465	
0.038818	0.330325	0.192952	0.042442	0.259194	0.183502	0.167135	
0.017814	0.017070	0.047196	0.093109	0.116325	0.449260	0.265324	
0.130277	0.409293	0.015901	0.471335	0.051407	0.021460	0.265444	
0.402719	0.169317	0.214890	0.069183	0.718337	0.118073	0.010322	
0.200630	0.061366	0.126914	0.156036	0.198763	0.655907	0.472496	
0.329623	0.052753	0.016928	0.500693	0.201853	0.017033	0.495856	
0.007706	0.641365	0.045860	0.072964	0.188932	0.180283	0.058413	
0.012515	0.044701	0.293310	0.756987	0.572722	0.304578	0.038013	
0.334965	0.184062	0.088098	0.009387	0.748663	0.038610	0.251474	
0.088339	0.317937	0.013590	0.799497	0.023439	0.070533	0.368256	
0.054928	0.183052	0.072273	0.406017	0.028070	0.234876	0.099077	
0.041518	0.200938	0.060344	0.113157	0.586135	0.155699	0.725499	
0.257790	0.407199	0.356681	0.409334	0.015762	0.186775	0.562753	
0.178049	0.139567	0.056758	0.053728	0.125952	0.215061	0.539320	
0.105020	0.078686	0.090785	0.508488	0.666437	0.026196	0.120551	
0.329926	0.546947	0.008798	0.096371	0.069263	0.524652	0.001333	
0.094040	0.001007	0.452904	0.266179	0.149035	0.655719	0.035072	
0.280302	0.108403	0.938004	0.232304	0.083380	0.044904	0.200221	
0.054042	0.485423	0.051913	0.517613	0.164471	0.300748	0.186727	
0.704610	0.601910	0.619017	0.114937	0.204287	0.308172	0.631028	
0.057139	0.030802	0.308169	0.045979	0.301209	0.663719	0.165974	
0.052972	0.360777	0.376413	0.158101	0.002446	0.334454	0.356290	
0.123679	0.662748	0.354927	0.007729	0.259518	0.680559	0.051934	
0.277110	0.049998	0.102651	0.101299	0.507720	0.303956	0.113973	
0.539576	0.511394	0.294169	0.324647	0.207988	0.076463	0.075307	
0.263296	0.207396	0.077964	0.132214	0.031652	0.150784	0.250016	
0.053171	0.141148	0.454260	0.423521	0.726603	0.042832	0.065068	
0.134437	0.365927	0.062334	0.031631	0.221983	0.369951	0.601521	
0.550751	0.501237	0.259638	0.279629	0.150682	0.073533	0.005756	
0.235402	0.303329	0.123063	0.250780	0.402964	0.048799	0.196878	
0.787120	0.648765	0.276747	0.377896	0.714585	0.021701	0.071763	
0.476790	0.342118	0.032039	0.204187	0.430091	0.202637	0.181420	
0.070819	0.003468	0.567631	0.181012	0.029905	0.798922	0.288408	
0.586773	0.026866	0.388907	0.063132	0.513762	0.465649	0.034833	
0.117468	0.180815	0.014453	0.054294	0.039045	0.222607	0.175524	
0.479082	0.099802	0.584377	0.167308	0.818953	0.915466	0.209305	
0.323135	0.162348	0.022052	0.077646	0.218011	0.515380	0.166881	
0.037880	0.372879	0.051151	0.197439	0.600013	0.317994	0.049017	
0.236832	0.704789	0.361417	0.743655	0.065078	0.240857	0.235090	
0.053714	0.130366	0.300951	0.000371	0.096177	0.090717	0.132181	
0.034021	0.055806	0.708331	0.717833	0.424470	0.642326	0.029152	
0.373696	0.265418	0.366369	0.180819	0.292449	0.372236	0.208783	
0.117090	0.058629	0.035530	0.041752	0.006899	0.070845	0.580482	
0.114449	0.103427	0.107523	0.070810	0.045268	0.110760	0.047291	
0.035820	0.057859	0.338598	0.189322	0.288023	0.191841	0.084592	
0.462325	0.057614	0.264960	0.771478	0.573353	0.457693	0.088166	
0.100547	0.099887	0.610302	0.101681	0.354637	0.179642	0.040022	
0.492818	0.163378	0.217334	0.540787	0.607292	0.162053	0.050664	
0.420467	0.102648	0.052400	0.042380	0.314656	0.660475	0.074726	
0.336145	0.049595	0.328341	0.137565	0.232712	0.015056	0.059467	
0.067471	0.640358	0.292487	0.360740	0.008620	0.104220	0.177779	
0.510271	0.079540	0.502259	0.083439	0.625447	0.504030	0.482978	
0.292400	0.340225	0.494468	0.048300	0.230139	0.868816	0.006946	
0.238586	0.544808	0.130433	0.544508	0.216855	0.253821	0.298963	
0.091148	0.411032	0.075876	0.072652	0.206578	0.186484	0.117991	
0.325359	0.614438	0.175724	0.679399	0.417613	0.005581	0.038377	
0.233827	0.748763	0.120134	0.246424	0.215978	0.476633	0.652449	
0.088517	0.394296	0.132067	0.295449	0.143905	0.738876	0.710919	
0.030555	0.119229	0.057714	0.094938	0.201313	0.004086	0.421092	
0.211529	0.030377	0.012774	0.006079	0.251175	0.291214	0.023110	
0.056658	0.432728	0.033444	0.543968	0.286694	0.445833	0.048232	
0.267830	0.152263	0.401258	0.292194	0.092035	0.316828	0.389721	
0.169600	0.183050	0.172823	0.108099	0.671003	0.189592	0.483663	
0.064973	0.653393	0.858057	0.679470	0.009945	0.118346	0.010774	
0.442364	0.334830	0.684871	0.175394	0.549650	0.137125	0.024795	
0.089572	0.547120	0.143653	0.093848	0.385285	0.363738	0.025859	
0.465238	0.044967	0.237530	0.014884	0.462076	0.307513	0.210650	
0.248846	0.204054	0.011471	0.026620	0.725110	0.280700	0.374620	
0.086565	0.026601	0.194275	0.448260	0.597921	0.029379	0.010073	
0.268693	0.903652	0.066611	0.077568	0.468231	0.115788	0.048502	
0.129564	0.160405	0.018761	0.268172	0.505724	0.014151	0.469412	
0.133775	0.569084	0.019458	0.062317	0.616061	0.065836	0.049117	
0.389991	0.074736	0.056377	0.300623	0.038615	0.031377	0.050079	
0.943724	0.024698	0.105073	0.246034	0.004362	0.068134	0.762874	
0.242822	0.364952	0.011091	0.121246	0.341247	0.059108	0.041809	
0.115614	0.202792	0.500775	0.520381	0.001768	0.104606	0.020460	
0.120369	0.609422	0.133150	0.436824	0.634584	0.124239	0.586090	
0.988331	0.136582	0.005342	0.932438	0.054876	0.161164	0.217918	
0.416294	0.034837	0.128345	0.046995	0.020823	0.218190	0.448802	
0.135685	0.516283	0.461162	0.054326	0.031231	0.182987	0.336253	
0.096068	0.051331	0.551060	0.035314	0.327034	0.461105	0.316782	
0.112358	0.002254	0.136635	0.108132	0.184444	0.200537	0.071013	
0.479492	0.186996	0.705372	0.157911	0.029733	0.034936	0.390097	
0.011186	0.452481	0.111740	0.248041	0.139750	0.182971	0.821594	
0.327462	0.177738	0.225226	0.127807	0.631011	0.507691	0.828159	
0.134018	0.069423	0.234611	0.090145	0.100449	0.738980	0.493025	
0.151659	0.077159	0.329052	0.419893	0.601399	0.187526	0.000914	
0.133093	0.400075	0.478954	0.250286	0.062648	0.150586	0.461056	
0.022367	0.003572	0.308493	0.635226	0.233089	0.345958	0.012229	
0.070956	0.697177	0.406451	0.044803	0.042587	0.010278	0.265519	
0.072234	0.001705	0.069137	0.487227	0.134630	0.023294	0.129320	
0.013909	0.060243	0.170099	0.377179	0.870540	0.009163	0.586965	
0.036685	0.337215	0.154764	0.225364	0.029027	0.334701	0.071927	
0.584971	0.018740	0.272736	0.326445	0.062745	0.061221	0.090312	
0.072080	0.147009	0.819273	0.294980	0.183012	0.020984	0.067579	
0.066990	0.237713	0.410020	0.143397	0.674484	0.238150	0.021274	
0.572682	0.019246	0.055726	0.172178	0.114811	0.177721	0.194647	
0.281629	0.198817	0.558372	0.102163	0.041976	0.656357	0.175820	
0.048014	0.263895	0.066237	0.312847	0.000714	0.007306	0.383884	
0.241053	0.062860	0.017401	0.921768	0.838102	0.365556	0.067676	
0.550742	0.387245	0.044153	0.249098	0.132245	0.020078	0.213390	
0.493705	0.479666	0.244020	0.614465	0.496882	0.062407	0.019218	
0.156630	0.002170	0.321409	0.478871	0.402887	0.793026	0.044712	
0.443940	0.253384	0.836152	0.069226	0.009955	0.739429	0.051160	
0.807281	0.227717	0.058069	0.408995	0.370213	0.229912	0.018961	
0.264692	0.448859	0.391070	0.065319	0.107097	0.009655	0.159730	
0.018037	0.134045	0.021161	0.283665	0.232897	0.030235	0.611357	
0.412348	0.362460	0.002576	0.133880	0.573591	0.008720	0.404163	
0.537681	0.002610	0.742977	0.408263	0.058779	0.011415	0.081045	
0.230739	0.347810	0.184183	0.166961	0.003008	0.250176	0.042439	
0.044018	0.507419	0.012718	0.118650	0.022055	0.083146	0.177999	
0.400652	0.580760	0.504084	0.095520	0.917362	0.017295	0.465463	
0.511703	0.550039	0.099409	0.159200	0.367427	0.026691	0.356055	
0.076107	0.079593	0.011946	0.145157	0.763234	0.101638	0.179200	
0.467231	0.162867	0.440249	0.813992	0.016650	0.270952	0.064121	
0.085494	0.279330	0.488880	0.009296	0.081611	0.188265	0.066450	
0.057556	0.530901	0.884279	0.189012	0.259901	0.059270	0.944850	
0.008416	0.165876	0.321631	0.136768	0.479156	0.171309	0.144658	
0.251567	0.088670	0.056053	0.017661	0.495983	0.330893	0.423916	
0.037839	0.008322	0.132947	0.030372	0.393598	0.345202	0.290489	
0.055515	0.293777	0.130499	0.471339	0.110501	0.069482	0.531878	
0.039191	0.266772	0.491905	0.183553	0.296032	0.061364	0.171281	
0.029028	0.073089	0.231051	0.145703	0.324263	0.048413	0.008954	
0.723562	0.146017	0.148654	0.545253	0.225697	0.103708	0.102945	
0.364797	0.271291	0.317437	0.350999	0.378671	0.006233	0.697375	
0.028668	0.049261	0.313552	0.019283	0.182213	0.060642	0.124946	
0.006488	0.314095	0.154573	0.000383	0.710358	0.788484	0.306034	
0.136272	0.528914	0.658000	0.046713	0.474448	0.438628	0.273532	
0.025769	0.320239	0.242646	0.006046	0.202077	0.196411	0.185400	
0.532302	0.162482	0.093078	0.527584	0.133810	0.843624	0.360521	
0.000483	0.034400	0.936548	0.004421	0.568290	0.132455	0.292957	
0.353835	0.063765	0.413679	0.273584	0.190578	0.250945	0.731870	

0.075242	0.301391	0.032213	0.031381	0.002748	0.008782	0.015266	
0.006671	0.117476	0.049345	0.177349	0.099911	0.266063	0.016783	
0.006400	0.023607	0.049045	0.016730	0.024324	0.045858	0.182415	
0.193227	0.039361	0.062484	0.269437	0.164457	0.053812	0.016182	
0.000325	0.442717	0.109148	0.001856	0.092830	0.152994	0.172926	
0.007502	0.068600	0.005557	0.312300	0.008135	0.018576	0.016273	
0.015825	0.032701	0.008906	0.420602	0.078852	0.018536	0.140010	
0.010448	0.122400	0.282078	0.191597	0.217813	0.002757	0.295113	
0.060932	0.164706	0.016818	0.054805	0.362302	0.005152	0.002391	
0.000777	0.605209	0.336395	0.144682	0.015353	0.376763	0.007894	
0.005309	0.530245	0.107923	0.005794	0.006006	0.096417	0.499424	
0.032429	0.160584	0.027030	0.050944	0.032749	0.138356	0.018272	
0.021978	0.296619	0.217605	0.078923	0.244466	0.006575	0.026396	
0.003338	0.054660	0.127829	0.000974	0.004483	0.387276	0.052198	
0.000067	0.043739	0.245778	0.019951	0.009380	0.000616	0.051476	
0.063364	0.184112	0.167725	0.009473	0.073782	0.053632	0.272033	
0.158103	0.151588	0.195688	0.007144	0.014432	0.265009	0.119163	
0.005791	0.401819	0.502420	0.234398	0.051182	0.007567	0.034240	
0.024539	0.121576	0.016598	0.179353	0.365758	0.010904	0.293065	
0.024787	0.005656	0.000248	0.033045	0.133310	0.433101	0.004986	
0.478199	0.027444	0.558326	0.035164	0.507688	0.038918	0.039158	
0.015737	0.081957	0.006428	0.031363	0.005844	0.007010	0.084365	
0.019501	0.161281	0.541345	0.043639	0.061805	0.025012	0.026119	
0.125809	0.129111	0.287290	0.000005	0.163209	0.063605	0.616452	
0.001785	0.129661	0.001855	0.358127	0.044540	0.043438	0.027977	
0.216156	0.232878	0.070066	0.019260	0.064120	0.022949	0.023365	
0.261442	0.004007	0.006610	0.241331	0.123746	0.116993	0.010114	
0.001987	0.204644	0.050217	0.012431	0.017261	0.624969	0.004137	
0.015606	0.025636	0.000351	0.007354	0.007941	0.004112	0.066612	
0.001037	0.164758	0.321785	0.191933	0.007942	0.050560	0.281265	
0.002997	0.256240	0.080890	0.344387	0.134205	0.101596	0.036497	
0.030233	0.310113	0.115889	0.391199	0.044516	0.240118	0.024887	
0.245747	0.089171	0.001158	0.714377	0.175769	0.029440	0.000538	
0.001258	0.053352	0.013586	0.255134	0.457433	0.349647	0.001335	
0.004072	0.037729	0.167303	0.013815	0.159459	0.014214	0.067166	
0.040322	0.109634	0.632970	0.109540	0.014574	0.018075	0.007318	
0.218517	0.008360	0.001725	0.010410	0.122038	0.012129	0.000689	
0.089746	0.001975	0.007233	0.088499	0.254748	0.156538	0.005001	
0.078670	0.016482	0.057450	0.076880	0.079802	0.015187	0.218980	
0.025160	0.041298	0.048915	0.057744	0.137386	0.243031	0.243889	
0.007334	0.186419	0.083444	0.050795	0.364201	0.340282	0.008228	
0.066296	0.199363	0.078402	0.033927	0.001947	0.279887	0.029448	
0.000769	0.008052	0.047188	0.310059	0.094535	0.152247	0.060243	
0.024479	0.051415	0.064334	0.095111	0.000128	0.098514	0.215649	
0.045219	0.208691	0.176935	0.008330	0.238310	0.061821	0.227280	
0.045148	0.001563	0.086746	0.036351	0.040050	0.041308	0.082787	
0.002650	0.022466	0.011815	0.026307	0.233247	0.111353	0.179259	
0.002081	0.034629	0.081216	0.092170	0.017495	0.010660	0.022711	
0.078460	0.165054	0.217000	0.251695	0.046671	0.112985	0.086564	
0.082922	0.264512	0.600834	0.075052	0.067314	0.476239	0.003933	
0.043561	0.121065	0.014100	0.050791	0.199150	0.033880	0.012636	
0.007625	0.012554	0.039307	0.052638	0.128774	0.127888	0.006080	
0.070959	0.003838	0.024680	0.016092	0.009748	0.107226	0.026902	
0.418701	0.108805	0.059216	0.121078	0.081241	0.026677	0.478258	
0.023065	0.134127	0.114967	0.331493	0.000182	0.028965	0.040492	
0.306448	0.036540	0.317008	0.008513	0.104217	0.108630	0.025343	
0.150462	0.084143	0.137791	0.046096	0.081519	0.102517	0.010291	
0.035373	0.453099	0.198500	0.378746	0.000300	0.124621	0.316669	
0.053201	0.087834	0.098317	0.011165	0.138611	0.100563	0.060177	
0.210318	0.481849	0.010940	0.169290	0.728346	0.055001	0.022278	
0.052597	0.516240	0.005617	0.027994	0.017710	0.039602	0.146967	
0.058389	0.008489	0.416475	0.032410	0.059104	0.042557	0.005474	
0.327764	0.694679	0.197772	0.013350	0.621844	0.303418	0.006030	
0.051948	0.145042	0.340573	0.323868	0.022296	0.087964	0.017377	
0.007245	0.675266	0.010292	0.198693	0.317751	0.082624	0.294670	
0.205682	0.092450	0.007192	0.096402	0.043765	0.202781	0.129168	
0.014759	0.264299	0.137408	0.005620	0.134469	0.057046	0.013961	
0.043210	0.158062	0.019158	0.098950	0.058841	0.007026	0.095474	
0.480034	0.132637	0.098328	0.008297	0.007061	0.093385	0.035643	
0.154423	0.741097	0.033836	0.139987	0.040543	0.008510	0.013327	
0.225360	0.028178	0.015577	0.082381	0.131445	0.141121	0.070848	
0.471297	0.307160	0.271266	0.079555	0.015530	0.085517	0.276034	
0.340911	0.248200	0.068651	0.072374	0.021880	0.010817	0.699565	
0.004946	0.129320	0.005841	0.466871	0.059234	0.006144	0.035277	
0.102490	0.094759	0.039838	0.000274	0.012252	0.436432	0.043676	
0.002723	0.013956	0.031150	0.165370	0.163999	0.290398	0.119333	
0.143368	0.258042	0.007386	0.110965	0.029664	0.282215	0.010394	
0.081114	0.029909	0.295260	0.009481	0.186646	0.020653	0.012108	
0.059032	0.140185	0.008412	0.015244	0.159326	0.212204	0.113874	
0.147940	0.025257	0.002884	0.105772	0.043664	0.168256	0.097161	
0.017137	0.019975	0.254230	0.010889	0.285308	0.091485	0.006720	
0.006351	0.196805	0.001928	0.077202	0.342763	0.112732	0.088929	
0.243651	0.029652	0.043853	0.024805	0.002110	0.186333	0.335476	
0.123992	0.028780	0.001841	0.005722	0.012695	0.106755	0.112305	
0.226765	0.080594	0.007350	0.026794	0.052163	0.006823	0.274215	
0.106649	0.007983	0.010033	0.012014	0.015103	0.057277	0.016916	
0.085144	0.147659	0.271226	0.148235	0.061110	0.017833	0.011920	
0.023900	0.188752	0.006083	0.005546	0.113866	0.066312	0.296719	
0.435032	0.008903	0.098372	0.017269	0.103309	0.119329	0.424036	
0.247253	0.054849	0.453961	0.077428	0.024885	0.354043	0.030903	
0.058870	0.044885	0.011198	0.006171	0.020918	0.165181	0.161601	
0.070849	0.018868	0.017831	0.030963	0.055816	0.044976	0.187265	
0.030849	0.035752	0.206597	0.121661	0.014455	0.499413	0.015178	
0.113865	0.025014	0.013772	0.645976	0.059366	0.602151	0.018931	
0.086997	0.168748	0.037013	0.245073	0.014813	0.419582	0.216310	
0.466273	0.337455	0.118513	0.008469	0.220262	0.044790	0.373852	
0.183710	0.090921	0.313377	0.008415	0.065314	0.007382	0.132031	
0.144480	0.375305	0.476632	0.057514	0.036939	0.090786	0.000391	
0.573917	0.310180	0.285522	0.029451	0.008692	0.014940	0.006334	
0.033171	0.231813	0.010247	0.000118	0.030364	0.068834	0.046140	
0.023095	0.107039	0.068420	0.169589	0.019484	0.006546	0.213685	
0.114842	0.039462	0.085744	0.497382	0.019897	0.024177	0.129669	
0.012711	0.023662	0.621330	0.025860	0.149544	0.063615	0.075777	
0.551287	0.038169	0.057504	0.004293	0.008576	0.035714	0.017310	
0.057004	0.058850	0.256398	0.337482	0.011374	0.006939	0.014236	
0.300675	0.026606	0.308073	0.137228	0.031243	0.003316	0.012470	
0.003399	0.096795	0.001240	0.149789	0.253712	0.073298	0.223496	
0.004796	0.192651	0.049383	0.012279	0.347993	0.017217	0.078874	
0.027998	0.003142	0.071885	0.145602	0.163109	0.405759	0.017846	
0.221395	0.096785	0.029762	0.006326	0.040240	0.022306	0.036529	
0.058294	0.134583	0.735036	0.079904	0.402971	0.102224	0.135823	
0.042061	0.209609	0.092200	0.141683	0.018442	0.021074	0.039877	
0.014047	0.084051	0.000168	0.001912	0.015336	0.004306	0.038324	
0.319452	0.031603	0.005517	0.014017	0.063610	0.061691	0.035953	
0.016327	0.026624	0.129588	0.007268	0.015222	0.038383	0.250933	
0.063924	0.139513	0.183080	0.100987	0.160610	0.169770	0.021548	
0.113278	0.164522	0.003717	0.004054	0.011048	0.072318	0.079618	
0.008434	0.026790	0.077621	0.230345	0.014429	0.002855	0.312682	
0.213550	0.027596	0.168793	0.020151	0.102806	0.159107	0.117897	
0.068708	0.304255	0.001632	0.018077	0.227998	0.415092	0.024984	
0.214247	0.009621	0.156598	0.049999	0.214783	0.221145	0.425455	
0.106909	0.394859	0.184125	0.419317	0.079083	0.076922	0.082425	
0.051432	0.038253	0.047565	0.074733	0.031595	0.072793	0.034455	
0.086440	0.341174	0.019357	0.058906	0.006858	0.071304	0.327693	
0.046657	0.164345	0.039028	0.265289	0.115567	0.417078	0.033115	
0.716849	0.038210	0.222378	0.049154	0.019777	0.008665	0.088299	
0.150427	0.257946	0.025902	0.097627	0.070671	0.088534	0.205291	
0.502740	0.147142	0.087217	0.014012	0.218702	0.055939	0.064844	
0.039976	0.159618	0.068780	0.114868	0.139739	0.174224	0.061253	
0.399819	0.355167	0.377169	0.232754	0.044770	0.031802	0.000390	
0.139054	0.153507	0.151451	0.021083	0.126874	0.003313	0.187951	
0.011036	0.035398	0.157457	0.105530	0.034343	0.000500	0.091386	
0.003598	0.054568	0.023296	0.016196	0.030344	0.064721	0.130775	
0.228682	0.031435	0.032257	0.399083	0.011406	0.044216	0.060587	
0.011949	0.006591	0.108832	0.048346	0.065708	0.013523	0.108403	
0.007467	0.032406	0.047687	0.012819	0.017466	0.066479	0.486815	
0.002068	0.071636	0.020839	0.077206	0.206890	0.234111	0.031204	
0.339935	0.030427	0.073284	0.006000	0.454127	0.096834	0.409175	
0.215168	0.013553	0.006046	0.599413	0.119020	0.302580	0.191055	
0.006935	0.124809	0.007895	0.015458	0.163205	0.019538	0.121009	
0.000023	0.072057	0.219376	0.012506	0.081960	0.001289	0.025304	
0.091664	0.219227	0.102227	0.052356	0.024119	0.285390	0.645604	
0.068324	0.138436	0.197408	0.055004	0.207307	0.020827	0.189221	
0.074242	0.111699	0.129918	0.076025	0.224403	0.028998	0.310678	
0.029726	0.111077	0.140214	0.052373	0.107595	0.231393	0.001002	
0.060076	0.000778	0.008796	0.198706	0.124209	0.001956	0.001017	
0.012392	0.259259	0.029409	0.460322	0.000184	0.008107	0.118391	
0.072366	0.056838	0.564164	0.187608	0.362347	0.025988	0.005463	
0.407399	0.068303	0.355510	0.031817	0.020823	0.245381	0.131339	
0.015797	0.016738	0.016610	0.002784	0.108242	0.695043	0.039334	
0.004171	0.054302	0.354262	0.080732	0.090738	0.510775	0.126505	
0.046870	0.012994	0.001572	0.007382	0.030588	0.223440	0.047031	
0.041297	0.328908	0.045017	0.005445	0.131450	0.019624	0.014754	
0.194347	0.048628	0.032785	0.009909	0.280037	0.018573	0.050132	
0.241938	0.002134	0.010980	0.516228	0.040448	0.000045	0.200939	
0.036274	0.690638	0.032545	0.017145	0.329933	0.010420	0.030087	
0.030953	0.241333	0.064929	0.005905	0.038610	0.214742	0.000049	
0.175715	0.103725	0.024418	0.036943	0.000700	0.014798	0.029986	
0.247706	0.073827	0.014483	0.243792	0.024948	0.139444	0.024652	
0.002013	0.025106	0.020828	0.007304	0.001726	0.166616	0.038050	
0.208599	0.012274	0.081571	0.029406	0.110179	0.227482	0.144317	
0.018591	0.203425	0.198590	0.096544	0.046531	0.226275	0.055536	
0.035362	0.033757	0.051580	0.000584	0.223590	0.016980	0.420357	
0.309790	0.000245	0.166388	0.007530	0.030994	0.255179	0.079813	
0.003441	0.018585	0.113796	0.127368	0.163054	0.224596	0.001597	
0.058083	0.244704	0.081392	0.003983	0.229439	0.024434	0.000592	
0.003649	0.333346	0.083820	0.525361	0.068356	0.206149	0.027970	
0.445208	0.351317	0.301541	0.076624	0.378894	0.123900	0.215305	
0.066768	0.158696	0.108898	0.276933	0.097561	0.040921	0.050468	
0.000584	0.356755	0.053226	0.006631	0.358359	0.677179	0.059604	
0.013020	0.085982	0.006559	0.036223	0.235156	0.278269	0.069835	
0.456987	0.000044	0.006724	0.076393	0.296444	0.013465	0.043924	
0.045880	0.003355	0.018351	0.099597	0.229669	0.574857	0.149862	
0.053445	0.002251	0.039988	0.009362	0.000256	0.025866	0.079467	
0.304349	0.335767	0.039439	0.037140	0.013368	0.192096	0.073816	
0.196391	0.150983	0.317764	0.052117	0.676458	0.071940	0.281884	
0.161143	0.021923	0.010230	0.300979	0.024865	0.017580	0.138453	
0.167872	0.106577	0.003599	0.395163	0.050568	0.004982	0.261950	
0.052931	0.239506	0.002831	0.001280	0.054592	0.027825	0.088343	
0.045004	0.063852	0.242452	0.037393	0.063665	0.006957	0.005175	
0.031636	0.554622	0.051999	0.229174	0.019067	0.009520	0.019473	
0.044874	0.005297	0.607652	0.011980	0.002668	0.231557	0.569417	
0.112908	0.492734	0.109191	0.235406	0.099597	0.379458	0.466338	
0.069981	0.053180	0.013645	0.182118	0.012453	0.209703	0.107413	
0.001172	0.001147	0.405497	0.122624	0.013948	0.063051	0.054543	
0.156676	0.293930	0.010312	0.033586	0.000311	0.000727	0.064866	
0.000046	0.184500	0.140189	0.111393	0.022561	0.111756	0.044049	
0.162446	0.161668	0.173240	0.067895	0.310426	0.119039	0.012136	
0.152360	0.105174	0.253628	0.531036	0.123646	0.025385	0.014787	
0.027934	0.250802	0.032686	0.198247	0.261957	0.860530	0.225798	
0.168270	0.073867	0.035245	0.161357	0.052693	0.018505	0.025651	
0.207381	0.170453	0.151320	0.003968	0.538099	0.032690	0.198039	
0.098957	0.019682	0.270519	0.125037	0.089614	0.278197	0.037543	
0.368353	0.062602	0.281616	0.056693	0.020643	0.001030	0.235055	
0.138453	0.003288	0.229627	0.511573	0.031966	0.021856	0.041937	
0.077087	0.087688	0.389598	0.100327	0.209881	0.011576	0.275605	
0.109307	0.020989	0.215819	0.012681	0.027099	0.241586	0.153476	
0.020840	0.043292	0.109511	0.000141	0.144421	0.211843	0.094415	
0.343245	0.039139	0.043118	0.023595	0.192529	0.083319	0.007317	
0.142899	0.168794	0.075980	0.714822	0.339818	0.010220	0.046361	
0.422337	0.102564	0.434372	0.207735	0.161838	0.041055	0.007981	
0.011091	0.006709	0.150721	0.243916	0.057796	0.000878	0.000209	
0.007406	0.469093	0.231630	0.009452	0.158822	0.464725	0.202443	
0.001036	0.148500	0.059659	0.055728	0.139681	0.075485	0.017191	
0.141556	0.045582	0.077308	0.278235	0.216481	0.003951	0.004552	
0.062053	0.162917	0.280008	0.183654	0.209635	0.014403	0.019729	
0.014479	0.094562	0.073091	0.031695	0.008133	0.000039	0.221475	
0.467605	0.056183	0.325677	0.004203	0.100990	0.054664	0.058676	
0.000380	0.028579	0.031289	0.125336	0.052550	0.047952	0.097690	
0.419333	0.296243	0.136780	0.232300	0.002833	0.000907	0.008400	
0.146291	0.150341	0.174200	0.037306	0.003188	0.212006	0.018502	
0.124525	0.352215	0.022635	0.043734	0.213984	0.002122	0.288904	
0.000246	0.068065	0.003715	0.002705	0.092739	0.119586	0.019112	
0.230557	0.224630	0.011092	0.049025	0.037604	0.125282	0.159765	

