N=100
R=10
C=7
m=2.000000
anpha=0.500000
eps=0.01
type=0
25365.443797 12437.104878 23709.877489 24154.760971 27437.773380 6728.989710 10721.459916 23278.658250 9055.466613 17065.128718 
14844.514504 19237.256818 11578.749711 15888.626396 28614.662030 27569.656972 19435.640111 21801.610954 5106.474105 18602.097411 
1472.716577 8043.716348 4979.715727 24321.125873 5543.693588 12627.387433 4763.922957 4155.455259 29968.811022 7329.450254 
15875.039438 25334.254806 18766.555145 9584.916913 19489.015763 16204.328512 15313.906623 29210.475693 9482.986748 23369.373236 
16275.604397 23327.501252 12606.630041 26854.354108 9216.127634 11221.292071 24424.011080 27651.767745 3022.903011 28530.485186 
16253.865156 3495.619588 6574.201534 20233.580883 26816.745474 11117.895122 2860.968303 1580.668417 14273.350381 2829.779311 
7910.118671 29148.389819 27164.034131 25676.673816 8733.306732 16653.049881 11881.002315 23047.213355 15863.525560 20363.989063 
16416.586591 2139.129957 13691.490301 28023.216631 27993.484065 21907.617949 9244.508688 22417.495132 19559.385680 11267.411713 
20947.980318 5813.250823 13763.031301 26522.181852 25046.831707 10579.776761 7640.076960 26907.800023 11160.445178 20913.427341 
28737.579334 18070.563863 20061.817146 25901.613452 13747.237665 27795.123878 12554.663333 24628.239994 20842.337233 27418.188893

0.457240	0.640368	0.717092	0.460067	0.541140	0.005843	0.268684	
0.191630	0.693370	0.444097	0.236360	0.653087	0.219155	0.349324	
0.514352	0.426412	0.343520	0.050466	0.094320	0.809355	0.879013	
0.986644	0.521261	0.284280	0.180136	0.359247	0.438990	0.853785	
0.683098	0.786187	0.386299	0.140338	0.426555	0.103390	0.600405	
0.967694	0.109233	0.869090	0.159324	0.802604	0.313187	0.395684	
0.455690	0.532342	0.745008	0.970042	0.958753	0.088528	0.020508	
0.053073	0.897883	0.899521	0.039717	0.419144	0.183801	0.219853	
0.778391	0.622791	0.073638	0.461489	0.408978	0.459937	0.601827	
0.835533	0.563327	0.202232	0.803227	0.672560	0.071322	0.962551

0.024419	0.094805	0.066346	0.109918	0.196534	0.899253	0.022403	
0.428237	0.068295	0.193058	0.351861	0.158599	0.190452	0.283791	
0.296776	0.481738	0.395221	0.558223	0.267456	0.117425	0.004236	
0.000507	0.221209	0.094874	0.763009	0.059263	0.359109	0.135645	
0.266527	0.212877	0.558275	0.761687	0.148658	0.129291	0.035807	
0.022212	0.043415	0.015741	0.182678	0.053587	0.321105	0.409767	
0.396605	0.332708	0.029124	0.010178	0.022739	0.652839	0.908599	
0.801679	0.033921	0.096725	0.849412	0.461343	0.077698	0.635973	
0.196509	0.277364	0.688197	0.391916	0.431994	0.352439	0.244402	
0.162850	0.347936	0.561163	0.133355	0.276859	0.764914	0.033517

0.185943	0.145374	0.068012	0.128079	0.177267	0.080917	0.335560	
0.363383	0.128793	0.075535	0.097399	0.125384	0.216546	0.343519	
0.032150	0.086854	0.102359	0.167481	0.269314	0.045972	0.010498	
0.004086	0.076647	0.409207	0.040599	0.548529	0.007367	0.004884	
0.012513	0.000518	0.036741	0.059483	0.043171	0.749620	0.329217	
0.007847	0.702927	0.043570	0.482521	0.053202	0.214484	0.188683	
0.005283	0.128644	0.204673	0.004075	0.016636	0.077061	0.044945	
0.046604	0.063137	0.002718	0.070831	0.026704	0.282856	0.050886	
0.004186	0.041885	0.194100	0.060859	0.154606	0.089659	0.003425	
0.000119	0.040357	0.219390	0.053982	0.014383	0.050040	0.002298