N=105
R=10
C=7
m=2.000000
anpha=0.500000
eps=0.01
type=0
25365.443797 12437.104878 23709.877489 24154.760971 27437.773380 6728.989710 10721.459916 23278.658250 9055.466613 17065.128718 
14844.514504 19237.256818 11578.749711 15888.626396 28614.662030 27569.656972 19435.640111 21801.610954 5106.474105 18602.097411 
1472.716577 8043.716348 4979.715727 24321.125873 5543.693588 12627.387433 4763.922957 4155.455259 29968.811022 7329.450254 
15875.039438 25334.254806 18766.555145 9584.916913 19489.015763 16204.328512 15313.906623 29210.475693 9482.986748 23369.373236 
16275.604397 23327.501252 12606.630041 26854.354108 9216.127634 11221.292071 24424.011080 27651.767745 3022.903011 28530.485186 
16253.865156 3495.619588 6574.201534 20233.580883 26816.745474 11117.895122 2860.968303 1580.668417 14273.350381 2829.779311 
7910.118671 29148.389819 27164.034131 25676.673816 8733.306732 16653.049881 11881.002315 23047.213355 15863.525560 20363.989063 
16416.586591 2139.129957 13691.490301 28023.216631 27993.484065 21907.617949 9244.508688 22417.495132 19559.385680 11267.411713 
20947.980318 5813.250823 13763.031301 26522.181852 25046.831707 10579.776761 7640.076960 26907.800023 11160.445178 20913.427341 
28737.579334 18070.563863 20061.817146 25901.613452 13747.237665 27795.123878 12554.663333 24628.239994 20842.337233 27418.188893 
14992.229043 7258.923810 28557.318850 27683.719358 5282.140428 26550.802916 19591.337293 13526.649130 18968.298034 9150.722960 
23794.060843 9916.278338 13963.973797 7557.092130 6438.460177 9010.805490 17136.868904 13078.537137 5918.605499 27297.314082 
3991.964465 4656.184834 15367.877931 23053.781624 29557.798286 28115.115610 20848.905489 12112.461605 22743.355590 11691.242709 
9530.650498 7735.584620 17950.166519 8087.969335 5419.303964 22232.306960 4638.772237 24010.641257 5758.956076 22607.070285 
3161.364217 28553.016919 2523.348610 16125.338014 6110.109035 7961.808800 24136.143504 22246.977939 20040.345937 29054.749017 
19544.292021 23032.310415 3710.933837 4912.169938 16086.092026 3268.732110 3027.285535 6934.997501 14381.193728 24770.641125 
17626.240223 22911.844226 2506.225745 5576.406729 29999.813561 6925.529709 26808.713689 4638.585798 29936.170980 2567.669752 
26245.656083 3097.535184 1120.686657 27769.004693 18222.873198 6230.795706 5730.813479 12359.016689 27477.773645 24771.159429 
11413.765692 17022.065652 17803.469830 14124.699530 20934.235604 3889.561842 16393.431653 22961.521139 9824.559343 29774.625381 
17732.162264 26450.799567 22686.469594 19238.388009 2027.206296 22686.283142 25163.917718 27835.919985 26324.868940 25100.088684 
29403.589750 22570.525010 27197.623868 29524.276407 20339.529703 15420.497053 5755.072100 25070.343182 26779.513755 3232.845744 
19841.502597 8193.279434 19254.911396 7644.972414 21317.978977 10189.146987 10534.534256 7711.410616 3150.668126 19359.093613 
7486.035984 19882.830390 15809.893166 29172.505579 9121.218385 16837.099462 21858.788707 4285.136090 14673.019446 18183.657648 
28385.224788 14076.609183 10754.182644 25582.848642 13600.885576 1093.712333 11003.345695 18355.957689 25164.055528 7782.859436 
20588.803434 15005.558112 14976.138870 9843.714816 21650.530539 6294.117833 19032.861817 2185.064781 13005.528450 21183.529942 
20544.158394 19491.564434 11066.360319 6354.051560 18664.069999 19187.578704 22191.151022 10522.858706 22472.714794 6864.170454 
27706.516354 20857.939568 19940.779637 8460.698984 16440.788210 3541.665213 8554.411331 26444.133905 20897.622903 3718.466846 
4226.993328 11486.426323 17724.024957 18203.132197 20330.141139 9374.555483 23497.250044 9363.002943 10559.620277 6502.778480 
29546.532885 1103.778658 24994.342927 10612.893190 6457.830217 13658.412913 28800.471894 27648.981253 23181.271619 21273.186688 
4513.151693 20887.787959 12131.126242 23453.931344 28348.486957 27571.914452 25995.596557 6902.898274 24016.048343 16893.219447 
9621.365120 27243.041671 27379.645770 26345.390077 15446.173868 17709.786896 5719.945560 8943.423899 26072.789852 15279.565837 
14446.202379 25619.322723 15383.344495 9440.545293 6232.215913 20841.174726 22098.958219 5032.687794 18490.155965 15280.229824 
25305.874481 22003.307658 6168.017783 7437.000723 15457.238989 4516.504727 5008.915161 11452.835533 10419.403001 28024.963518 
27346.054979 19040.768121 25268.005176 24725.700735 15386.158185 10714.179030 12435.487631 20106.103745 18657.602929 8508.277469 
5385.669569 3103.805308 4127.600179 19769.014077 11544.350601 9359.816092 10610.188789 3643.308807 13392.503899 28100.344754 
17923.538644 8698.378366 20103.652399 23091.556428 15135.379089 5560.891388 26608.061154 19144.294264 16013.726920 7027.464142 
17169.257769 13359.781900 25068.232263 12437.262931 8085.482622 10454.390434 22151.441975 19520.970253 29560.494192 10809.044890 
27029.247722 4946.163747 12912.850199 1156.847900 23715.177825 23457.200813 9516.663992 4325.366601 26100.509620 21909.167891 
2425.711341 14024.048251 29607.546271 21529.363754 7115.604665 14742.925346 26090.255142 3723.665805 3887.219597 12103.982049 
9751.129947 20056.477365 24463.763948 4819.362196 2493.740296 2549.246570 14273.752643 23645.182270 21070.216822 13834.246822 
4454.227147 18099.464544 17780.410570 16367.077360 18256.312444 11495.588394 9824.278159 26772.976437 14820.954995 5924.787766 
18682.144327 16246.666350 18948.836030 18289.690585 7776.030090 25064.440695 3032.615917 3866.285218 27788.106514 5919.835527 
14970.267267 7539.236447 24976.312893 9434.031215 11358.598657 26470.053188 10983.277785 24632.351300 20115.235445 2053.494594 
8466.598109 23569.462606 19152.959138 25247.008678 9936.539952 7409.271569 6742.597059 18760.818112 4182.248006 20563.552067 
23685.605877 21864.392333 6810.218403 12634.441894 10154.082904 13586.248493 7698.882589 12186.698821 16452.533711 5486.989089 
17106.534349 1422.800965 12026.225536 12082.847241 9856.832180 22384.824192 8552.900416 19840.109965 17017.175479 27668.135875 
20893.604573 24483.773587 21237.598467 10046.563698 19730.782266 1174.138406 16455.835280 25473.379324 18934.956518 19638.083286 
16036.931378 12620.562381 11502.475606 21847.149781 24255.004289 20656.558510 5433.398260 1953.886864 2843.257318 20885.931972 
6440.875952 18949.791680 21308.732950 17467.101488 1032.638908 1165.565117 9851.925680 8585.539324 20005.675096 25869.101159 
6253.675185 10899.279655 20352.874747 26491.273653 19945.843352 10083.656999 26665.412058 6401.678619 5557.036310 15600.368562 
25039.761905 20593.967701 27220.930957 6542.237497 12441.117468 21475.935233 26198.796007 16874.515742 22429.822096 28042.053338 
7760.447701 27870.698049 16991.845005 28069.180651 15337.799523 17024.483913 28234.745782 24189.725204 24610.023237 18240.420864 
20058.826363 29863.698435 28139.700519 10411.701096 26354.972074 18085.543857 19495.358095 23020.384133 23487.222490 24052.394405 
8620.752682 18526.984382 14646.362092 5841.683626 24069.221892 26087.479574 26317.618858 20268.017886 12961.995303 18747.440941 
18310.071211 19722.443004 16618.138976 5301.916202 17791.623655 1955.938499 21326.400114 16026.369423 25145.663703 15936.423351 
4266.790273 15204.490052 15800.121773 2406.490778 24616.191148 12155.093834 19492.034636 14111.549229 5175.477953 12979.257112 
8163.943634 12796.230649 1506.241494 21810.305726 17637.914274 24575.463387 17897.785287 13955.533132 14843.481259 29859.780590 
2702.974060 3153.552469 19582.223594 18321.113050 7455.468671 7373.847236 19277.051549 27781.868799 22400.216659 14422.715238 
13718.292137 25667.006932 28627.205304 28518.413909 27073.497710 23243.396439 10673.507730 16565.532333 7354.945668 14848.985697 
28544.789458 14518.889302 26645.216345 29051.030953 6329.195015 14283.130606 23626.494326 23226.980315 27238.663738 8469.975571 
23086.760892 28941.637812 10623.528040 12668.984472 17262.750848 17078.996725 19042.831708 6539.802383 14860.865510 11443.048353 
19962.517622 27579.157647 7110.055272 18589.722913 26097.571543 4183.552968 11833.119351 6771.079259 19749.085314 18188.065020 
20620.064956 18293.874759 2706.954308 17265.281288 17344.905698 8036.149323 1548.411893 10971.400010 1263.129625 27787.075632 
18441.375581 23349.890530 26728.713430 28064.903635 6018.874988 13991.464264 15143.900347 24061.706710 19531.266648 29004.765857 
5504.755049 9493.784270 26583.923491 11614.810334 27083.507182 22681.495020 14798.363303 8916.626520 28452.574279 4547.448604 
26104.691539 19072.639235 21841.323363 27811.645848 6337.920509 9186.229048 5847.795171 6886.332403 19157.629058 6110.924795 
4673.408035 7599.004640 28460.815325 1402.121451 5663.908261 4479.690314 14393.585729 19807.808608 27541.397023 3924.852363 
18812.574451 3046.152059 12418.636632 15396.497928 13660.962393 9502.143814 8077.992935 27459.325710 17418.770334 6530.567201 
2006.774300 13523.461874 24603.206436 22848.097676 11335.107708 29941.126959 2034.326711 16182.902879 6827.459348 20191.955783 
21293.827688 10500.867383 26790.960422 19754.642999 10902.988847 2454.868670 23234.333313 24296.574576 21262.677278 20775.730322 
27221.426939 10075.251715 22821.882395 9640.063571 24471.749644 6482.844775 18142.207386 2549.742565 3942.170471 5560.977706 
8080.309765 4948.944784 18084.439580 2683.516201 26797.042461 28419.547302 2624.643147 27831.369171 14602.450167 8452.102495 
18023.324940 5896.277841 17952.969891 14814.285349 24650.920854 27855.958739 16269.154019 17885.254153 22152.533301 7531.831283 
8660.984475 19373.960226 16607.082998 1482.866857 28014.023798 11078.832628 6965.711632 16156.231170 12628.575193 9907.882116 
20717.208890 19708.884972 13856.826900 8801.648457 21392.401173 10653.869347 7221.195745 23017.044320 8485.238505 20823.645926 
1469.146802 25508.563459 25719.923767 18422.116693 10322.848795 20370.844607 16278.075419 25592.002827 8256.098760 8430.608706 
3123.834096 15917.083235 26804.568946 18730.917108 16399.950092 24818.592730 28809.749736 22365.661724 10974.823900 11438.324929 
2273.543827 1692.032776 1147.209888 15130.370727 9493.681233 21539.611061 24784.240075 15714.876991 14556.655368 3269.478580 
6538.522903 15025.802170 27778.042039 2258.446656 3447.918863 8100.890820 21629.291277 18725.994282 3692.893634 28885.390037 
26156.603002 5816.727744 14802.473259 22961.171934 23547.644852 1202.423337 17779.764651 22357.394575 22568.085062 27754.588551 
3795.719491 23841.628902 28446.621327 3942.929379 8971.999616 7940.302560 24482.540440 3756.239691 22655.179551 9039.195795 
6025.718271 28193.702454 23064.997978 3803.760297 29452.149111 25512.916841 10904.651117 21081.440374 14238.911110 13597.544764 
19966.830397 10395.514098 18414.272508 4769.303642 3356.686019 11961.917347 4971.726980 20136.450683 4319.311908 26539.812055 
17891.039221 7115.031412 20381.440943 16337.660548 10057.960791 28353.440559 23277.963109 4540.501231 2109.680236 15933.142646 
12579.697026 7135.398507 14126.845087 5644.694990 9939.158804 13578.994184 1157.611818 19843.809934 4660.434558 14396.522941 
3441.354685 23627.264955 23792.037039 20855.627194 27396.568611 26148.723071 2817.544527 2368.295577 16285.173741 6136.856435 
27908.107631 4176.212948 12251.887847 18289.548561 19513.873497 21309.848652 16642.989120 12791.836592 24850.349883 17752.669357 
27724.979238 7430.046895 23888.067877 11851.824311 12074.741899 3827.226668 24430.818509 12232.353717 22671.036602 28091.253067 
25628.876658 25112.391287 21718.518008 19420.913697 15968.018467 19115.086605 15569.636755 17785.562994 20483.382195 1854.810482 
22922.419442 18391.489813 5031.023431 5174.307276 6681.038374 23544.896941 25484.155928 22324.027495 6336.733519 20334.505798 
10076.696838 4061.712757 26764.552706 3964.764702 14913.537069 8839.294592 6791.991383 9344.355564 20071.648309 28463.027985 
7435.608618 15700.524967 23575.419272 28154.126640 5121.438651 9543.437725 17269.213231 19691.075406 26329.000733 7752.595413 
20545.885889 19251.420161 25144.085240 24576.909319 23425.727437 1825.123601 18121.806247 18909.883365 23149.151096 23458.539780 
9244.389149 3225.847920 26520.252537 6008.941842 6190.612635 11433.789592 13848.236434 11982.604018 19778.145170 3919.884743 
10445.631989 26213.753787 18620.409711 4021.051247 24367.880413 22741.848362 12564.488986 11637.093645 12432.923755 8893.489705 
18389.689058 2978.809630 27144.909866 13533.774285 26555.718949 20570.637290 14358.897886 14677.525196 9480.520642 7508.048968 
8136.064962 17724.909805 9733.896902 4656.317485 22733.851647 14924.509537 15090.107077 6582.088081 25907.113555 4868.252234 
9501.972825 6352.745530 1082.006021 27122.382535 9373.796791 24449.886434 19864.230884 20938.285777 6086.980066 2297.154625 
28831.775482 23476.669138 4275.964255 25976.685334 7010.443409 29831.683204 16547.322611 20369.341308 14509.208387 25027.843267 
26877.390277 21645.273349 12752.753058 6611.287165 25301.590834 5486.604692 20535.796702 10391.697912 11068.692774 16442.910243
25365.443797 12437.104878 23709.877489 24154.760971 27437.773380 6728.989710 10721.459916 23278.658250 9055.466613 17065.128718 
14844.514504 19237.256818 11578.749711 15888.626396 28614.662030 27569.656972 19435.640111 21801.610954 5106.474105 18602.097411 
1472.716577 8043.716348 4979.715727 24321.125873 5543.693588 12627.387433 4763.922957 4155.455259 29968.811022 7329.450254 
15875.039438 25334.254806 18766.555145 9584.916913 19489.015763 16204.328512 15313.906623 29210.475693 9482.986748 23369.373236 
16275.604397 23327.501252 12606.630041 26854.354108 9216.127634 11221.292071 24424.011080 27651.767745 3022.903011 28530.485186 

0.457240	0.640368	0.717092	0.460067	0.541140	0.005843	0.268684	
0.191630	0.693370	0.444097	0.236360	0.653087	0.219155	0.349324	
0.514352	0.426412	0.343520	0.050466	0.094320	0.809355	0.879013	
0.986644	0.521261	0.284280	0.180136	0.359247	0.438990	0.853785	
0.683098	0.786187	0.386299	0.140338	0.426555	0.103390	0.600405	
0.967694	0.109233	0.869090	0.159324	0.802604	0.313187	0.395684	
0.455690	0.532342	0.745008	0.970042	0.958753	0.088528	0.020508	
0.053073	0.897883	0.899521	0.039717	0.419144	0.183801	0.219853	
0.778391	0.622791	0.073638	0.461489	0.408978	0.459937	0.601827	
0.835533	0.563327	0.202232	0.803227	0.672560	0.071322	0.962551	
0.475164	0.384509	0.358235	0.930854	0.916851	0.103244	0.900896	
0.875604	0.191772	0.921405	0.928678	0.089655	0.820926	0.968395	
0.508799	0.004727	0.188248	0.287189	0.627518	0.261886	0.748678	
0.036496	0.721822	0.350505	0.872028	0.285149	0.552738	0.675255	
0.957709	0.624060	0.637806	0.432873	0.008569	0.996042	0.363727	
0.925420	0.099285	0.264624	0.801024	0.291057	0.186029	0.729702	
0.380712	0.006954	0.698096	0.889511	0.011681	0.886344	0.176700	
0.639199	0.148230	0.925379	0.675694	0.870053	0.275884	0.547723	
0.155202	0.828622	0.222978	0.112911	0.452681	0.860784	0.545784	
0.461250	0.856826	0.909512	0.386669	0.956111	0.174136	0.187693	
0.247168	0.360164	0.917395	0.627880	0.367118	0.615491	0.517391	
0.378799	0.501835	0.694091	0.017998	0.650066	0.619470	0.693692	
0.520118	0.895354	0.241415	0.675320	0.723975	0.464393	0.788231	
0.176656	0.325177	0.334016	0.637906	0.182003	0.243528	0.024575	
0.138114	0.417663	0.212269	0.385282	0.777828	0.129663	0.013161	
0.144946	0.745154	0.530552	0.523745	0.246990	0.224643	0.541743	
0.897055	0.844113	0.235435	0.417174	0.739467	0.476850	0.092494	
0.463442	0.941243	0.880725	0.640098	0.266420	0.214741	0.278005	
0.448423	0.458269	0.302580	0.586537	0.875932	0.514849	0.971818	
0.653760	0.644512	0.984980	0.798706	0.389667	0.515532	0.322451	
0.636656	0.740175	0.864194	0.533712	0.584288	0.099629	0.950885	
0.323755	0.576479	0.043379	0.787197	0.517722	0.924104	0.427295	
0.784142	0.138845	0.705300	0.232565	0.597114	0.007880	0.819102	
0.473045	0.522729	0.790920	0.126805	0.167241	0.775899	0.925511	
0.556908	0.291431	0.247962	0.193564	0.031606	0.112157	0.727276	
0.615894	0.211786	0.678161	0.939649	0.788265	0.721540	0.726846	
0.305987	0.645644	0.154141	0.090130	0.784489	0.859441	0.322695	
0.381603	0.867321	0.141796	0.854648	0.390050	0.932716	0.981453	
0.557291	0.708616	0.906964	0.114199	0.000047	0.154927	0.307763	
0.031653	0.267083	0.035039	0.647548	0.478869	0.713200	0.587197	
0.267134	0.434740	0.314043	0.573122	0.080384	0.468185	0.663252	
0.864873	0.327626	0.985946	0.246476	0.194948	0.127743	0.101124	
0.584998	0.060459	0.082577	0.142289	0.769074	0.989541	0.256489	
0.769121	0.144468	0.564252	0.800775	0.411551	0.599291	0.448322	
0.890420	0.312491	0.035519	0.157555	0.747231	0.349562	0.730677	
0.827615	0.817747	0.393928	0.692488	0.145373	0.379874	0.938963	
0.340321	0.507617	0.040087	0.925318	0.568076	0.122664	0.067608	
0.337150	0.112205	0.324096	0.106272	0.256673	0.888348	0.907046	
0.668224	0.487639	0.355369	0.558645	0.800129	0.390888	0.716199	
0.547360	0.740450	0.446876	0.374975	0.558198	0.840804	0.067462	
0.703571	0.220679	0.006426	0.043891	0.728296	0.046513	0.969210	
0.296372	0.169177	0.036818	0.633522	0.281382	0.360914	0.739794	
0.538055	0.249262	0.646840	0.206280	0.736901	0.002209	0.764925	
0.537030	0.393097	0.481124	0.084390	0.133548	0.928000	0.459365	
0.691745	0.768804	0.526827	0.395316	0.989483	0.533253	0.439207	
0.717778	0.579765	0.408417	0.014150	0.748942	0.445235	0.647672	
0.030324	0.806149	0.387466	0.568379	0.055411	0.034307	0.774659	
0.792311	0.036516	0.539584	0.329342	0.429613	0.020708	0.413732	
0.563161	0.948708	0.873097	0.254906	0.717512	0.399924	0.650222	
0.706995	0.933176	0.089430	0.424774	0.512941	0.497847	0.438924	
0.261883	0.943081	0.086596	0.292207	0.749230	0.474063	0.860587	
0.804641	0.508369	0.635246	0.596952	0.544885	0.174830	0.926294	
0.974499	0.195538	0.340026	0.537660	0.144246	0.213122	0.792566	
0.861759	0.613046	0.442789	0.568754	0.546222	0.532218	0.993528	
0.059163	0.030065	0.432452	0.321047	0.973147	0.519048	0.613254	
0.722377	0.993110	0.473841	0.527017	0.501480	0.109087	0.123969	
0.046365	0.283917	0.050263	0.020864	0.479455	0.390289	0.558524	
0.623701	0.603411	0.351090	0.485460	0.216457	0.793879	0.054214	
0.762679	0.326097	0.047742	0.821842	0.356162	0.480193	0.142889	
0.329309	0.999241	0.756143	0.051685	0.992352	0.229984	0.578702	
0.493831	0.339071	0.702672	0.540197	0.622988	0.752935	0.561060	
0.102443	0.143224	0.119584	0.726144	0.746635	0.470674	0.211604	
0.963092	0.264553	0.265818	0.725771	0.590649	0.313560	0.547613	
0.946811	0.793753	0.690502	0.276120	0.792995	0.446645	0.327805	
0.785346	0.676628	0.906508	0.279178	0.015699	0.609179	0.819374	
0.638687	0.362115	0.380434	0.741130	0.505339	0.500019	0.467274	
0.251974	0.970693	0.678878	0.215066	0.235245	0.944697	0.940837	
0.825895	0.258257	0.488450	0.772706	0.052010	0.178952	0.048826	
0.845005	0.625596	0.376631	0.630351	0.302225	0.283138	0.909529	
0.317924	0.892318	0.728903	0.956611	0.254432	0.109337	0.697741	
0.759771	0.609356	0.165015	0.011745	0.580048	0.843894	0.226811	
0.815294	0.788590	0.167648	0.641188	0.046847	0.656098	0.413894	
0.098858	0.835050	0.462720	0.943863	0.460646	0.839351	0.574214	
0.762871	0.122489	0.483742	0.080795	0.014807	0.212645	0.037406	
0.269239	0.321982	0.735147	0.029011	0.931338	0.900163	0.040756	
0.511386	0.744056	0.267567	0.326680	0.532647	0.435216	0.967868	
0.579494	0.091314	0.381762	0.678351	0.926364	0.844482	0.622214	
0.387011	0.683833	0.196428	0.149882	0.806322	0.680170	0.230677	
0.821129	0.892815	0.268084	0.090368	0.214797	0.003231	0.119379	
0.146135	0.903394	0.160135	0.657522	0.647450	0.427702	0.984202	
0.180096	0.862918	0.952070	0.759590	0.954232	0.333832	0.437942	
0.880596	0.178314	0.060156	0.267607	0.862147	0.256583	0.417489	
0.668469	0.936754	0.648167	0.489597	0.829569	0.916250	0.579965	
0.044366	0.919481	0.699344	0.190501	0.822875	0.859479	0.848023	
0.470325	0.287181	0.832225	0.650421	0.150099	0.784295	0.410011	
0.104331	0.118126	0.847953	0.984927	0.296440	0.908109	0.252535	
0.158587	0.164692	0.670024	0.827056	0.101446	0.318191	0.316653	
0.931014	0.234441	0.896618	0.975380	0.153923	0.595963	0.165882	
0.976798	0.455442	0.013905	0.447123	0.742623	0.846130	0.097544	
0.892721	0.630424	0.507555	0.997052	0.748551	0.355508	0.981980
0.018743	0.587980	0.940939	0.555946	0.898426	0.004555	0.800204	
0.898646	0.225890	0.438398	0.432481	0.415072	0.211926	0.914545	
0.856469	0.130112	0.999764	0.808067	0.406220	0.261226	0.291479	
0.393516	0.761909	0.194430	0.743311	0.167011	0.723620	0.634583	
0.779726	0.379859	0.385403	0.798469	0.967839	0.326342	0.354415	

0.024419	0.094805	0.066346	0.109918	0.196534	0.899253	0.022403	
0.428237	0.068295	0.193058	0.351861	0.158599	0.190452	0.283791	
0.296776	0.481738	0.395221	0.558223	0.267456	0.117425	0.004236	
0.000507	0.221209	0.094874	0.763009	0.059263	0.359109	0.135645	
0.266527	0.212877	0.558275	0.761687	0.148658	0.129291	0.035807	
0.022212	0.043415	0.015741	0.182678	0.053587	0.321105	0.409767	
0.396605	0.332708	0.029124	0.010178	0.022739	0.652839	0.908599	
0.801679	0.033921	0.096725	0.849412	0.461343	0.077698	0.635973	
0.196509	0.277364	0.688197	0.391916	0.431994	0.352439	0.244402	
0.162850	0.347936	0.561163	0.133355	0.276859	0.764914	0.033517	
0.061403	0.179224	0.367781	0.058472	0.000218	0.616335	0.018370	
0.068906	0.326153	0.008880	0.028567	0.669761	0.013542	0.009010	
0.260322	0.170012	0.081400	0.297032	0.337516	0.622362	0.036312	
0.613804	0.137911	0.492505	0.080266	0.209133	0.206504	0.099024	
0.005840	0.107280	0.072416	0.144661	0.571613	0.003060	0.064079	
0.043195	0.414608	0.210372	0.026484	0.612420	0.324825	0.144241	
0.371308	0.471386	0.247173	0.014313	0.637967	0.104449	0.449726	
0.199030	0.649195	0.051543	0.061192	0.033518	0.325143	0.369015	
0.465056	0.156079	0.093891	0.610828	0.107324	0.044657	0.428622	
0.416262	0.013428	0.004014	0.215782	0.024319	0.272895	0.393903	
0.314644	0.466759	0.001533	0.006519	0.129225	0.321939	0.070974	
0.527829	0.376744	0.212090	0.394102	0.181418	0.146139	0.180725	
0.372568	0.087177	0.307923	0.106127	0.205304	0.282132	0.003271	
0.773843	0.571928	0.638743	0.258000	0.769990	0.002616	0.062760	
0.426985	0.194439	0.432670	0.561456	0.014084	0.494192	0.918623	
0.228794	0.103235	0.036587	0.055851	0.121500	0.597992	0.237650	
0.069981	0.024208	0.083038	0.265864	0.257498	0.269174	0.710605	
0.392835	0.002425	0.095238	0.241860	0.652005	0.594889	0.277636	
0.457870	0.412273	0.313058	0.134590	0.011777	0.484250	0.006732	
0.054815	0.201191	0.002550	0.085730	0.592663	0.119996	0.368021	
0.048107	0.004919	0.008387	0.378714	0.072426	0.153394	0.013180	
0.109939	0.290066	0.049153	0.190397	0.350215	0.064501	0.324568	
0.132746	0.523088	0.280338	0.341569	0.148446	0.396995	0.139400	
0.244179	0.190092	0.001980	0.542860	0.802986	0.040163	0.003545	
0.414422	0.302491	0.444269	0.054593	0.431745	0.579330	0.239966	
0.238168	0.648607	0.047708	0.047232	0.107514	0.055585	0.185018	
0.162360	0.017531	0.206448	0.772400	0.141569	0.027456	0.199121	
0.015679	0.079008	0.055429	0.071038	0.606152	0.004983	0.002048	
0.424125	0.073801	0.014701	0.791302	0.680148	0.632764	0.665249	
0.122027	0.294106	0.811435	0.262956	0.116819	0.283684	0.218251	
0.536413	0.106694	0.141339	0.412314	0.219075	0.239379	0.274381	
0.120955	0.433986	0.001529	0.693604	0.193967	0.151226	0.367832	
0.097406	0.232471	0.476729	0.165310	0.115626	0.007087	0.063980	
0.041763	0.364819	0.020509	0.061143	0.487062	0.355816	0.029226	
0.005684	0.603014	0.561021	0.660315	0.016645	0.512369	0.201909	
0.052418	0.043348	0.342118	0.061256	0.754891	0.417512	0.007305	
0.081956	0.416872	0.507690	0.026807	0.040632	0.042579	0.514383	
0.394249	0.644705	0.431046	0.693234	0.113439	0.076459	0.007675	
0.325245	0.293462	0.087376	0.014205	0.089914	0.436871	0.231579	
0.233432	0.131061	0.312892	0.512388	0.328172	0.020722	0.017707	
0.185595	0.626134	0.137776	0.717404	0.176629	0.636509	0.003365	
0.523605	0.594945	0.636631	0.124210	0.317829	0.190894	0.029818	
0.274805	0.738349	0.069630	0.456550	0.146352	0.331971	0.142782	
0.002834	0.030304	0.219681	0.477797	0.480785	0.071212	0.184693	
0.091765	0.027564	0.170631	0.558602	0.009704	0.233037	0.378047	
0.161638	0.070111	0.463454	0.312400	0.221666	0.246526	0.231061	
0.315345	0.144047	0.471900	0.397131	0.686315	0.934374	0.111610	
0.058742	0.289310	0.047277	0.193791	0.199754	0.515167	0.475341	
0.395381	0.026421	0.019342	0.151096	0.179194	0.307853	0.044274	
0.163204	0.000822	0.729101	0.074628	0.087251	0.293318	0.250589	
0.045812	0.001622	0.093564	0.274109	0.193489	0.459060	0.042851	
0.097319	0.413171	0.292774	0.314775	0.064027	0.747065	0.005155	
0.012518	0.347051	0.581262	0.183081	0.809994	0.026084	0.124206	
0.080300	0.211344	0.404176	0.059458	0.253423	0.246082	0.001732	
0.693972	0.106870	0.405362	0.542944	0.003724	0.392778	0.072302	
0.252710	0.004750	0.260089	0.193173	0.264175	0.264583	0.165921	
0.639509	0.144882	0.246310	0.158124	0.329887	0.085408	0.246115	
0.218352	0.068700	0.101397	0.082909	0.563681	0.181719	0.282796	
0.065945	0.274732	0.539567	0.002759	0.333415	0.145988	0.698685	
0.440335	0.000074	0.000515	0.537506	0.006020	0.382259	0.410856	
0.160428	0.524388	0.048945	0.454078	0.375405	0.104746	0.065420	
0.564986	0.483257	0.622033	0.057436	0.186798	0.456691	0.292388	
0.016855	0.547459	0.491807	0.201433	0.062247	0.162336	0.339303	
0.035632	0.106700	0.174925	0.236316	0.127279	0.313920	0.600444	
0.086266	0.020609	0.081196	0.518150	0.843687	0.012933	0.127590	
0.308156	0.291547	0.529988	0.124866	0.010434	0.280960	0.368690	
0.567276	0.012447	0.020214	0.168787	0.129327	0.040527	0.056180	
0.055918	0.718977	0.357882	0.225269	0.461338	0.217407	0.302043	
0.015733	0.311539	0.131410	0.186079	0.625086	0.056833	0.020105	
0.513583	0.012100	0.251742	0.026287	0.424544	0.698299	0.026659	
0.141859	0.135148	0.651524	0.344784	0.323649	0.131634	0.436012	
0.173586	0.121782	0.427405	0.093637	0.519807	0.073283	0.147730	
0.028840	0.078827	0.306035	0.007495	0.167190	0.125372	0.271185	
0.048803	0.754385	0.443532	0.881315	0.957665	0.620225	0.543510	
0.395694	0.387660	0.172904	0.128170	0.063012	0.043241	0.461282	
0.336361	0.070728	0.032810	0.422974	0.398368	0.315312	0.028570	
0.167255	0.700943	0.087299	0.138229	0.018355	0.110543	0.212793	
0.342813	0.155306	0.160849	0.650390	0.067962	0.018965	0.556865	
0.057768	0.090789	0.211135	0.786324	0.328831	0.938258	0.877488	
0.287327	0.036171	0.400887	0.008528	0.229424	0.298807	0.010318	
0.412533	0.011022	0.025990	0.216584	0.038984	0.455295	0.185843	
0.012066	0.323958	0.840136	0.483601	0.122065	0.069939	0.247777	
0.078366	0.009700	0.052493	0.285486	0.000069	0.036654	0.178001	
0.400593	0.030514	0.126341	0.611732	0.133442	0.126123	0.118632	
0.214061	0.299141	0.072762	0.317167	0.425006	0.210514	0.476817	
0.315142	0.581496	0.021108	0.006826	0.037744	0.003008	0.084619	
0.790189	0.105927	0.177714	0.030351	0.251764	0.468925	0.502144	
0.019357	0.096026	0.016397	0.017228	0.426761	0.233867	0.379921	
0.005981	0.259409	0.232789	0.365957	0.230617	0.103056	0.513676	
0.042492	0.238632	0.185838	0.002205	0.076712	0.332689	0.003619
0.005543	0.160254	0.731762	0.879553	0.371988	0.518430	0.009112	
0.434579	0.105242	0.064931	0.013706	0.352832	0.419735	0.092066	
0.018264	0.317992	0.549841	0.511141	0.603492	0.121696	0.040872	
0.091293	0.007685	0.314025	0.011548	0.317547	0.012733	0.091480	
0.104216	0.003440	0.008697	0.297972	0.376888	0.712654	0.223494	

0.185943	0.145374	0.068012	0.128079	0.177267	0.080917	0.335560	
0.363383	0.128793	0.075535	0.097399	0.125384	0.216546	0.343519	
0.032150	0.086854	0.102359	0.167481	0.269314	0.045972	0.010498	
0.004086	0.076647	0.409207	0.040599	0.548529	0.007367	0.004884	
0.012513	0.000518	0.036741	0.059483	0.043171	0.749620	0.329217	
0.007847	0.702927	0.043570	0.482521	0.053202	0.214484	0.188683	
0.005283	0.128644	0.204673	0.004075	0.016636	0.077061	0.044945	
0.046604	0.063137	0.002718	0.070831	0.026704	0.282856	0.050886	
0.004186	0.041885	0.194100	0.060859	0.154606	0.089659	0.003425	
0.000119	0.040357	0.219390	0.053982	0.014383	0.050040	0.002298	
0.303224	0.389173	0.151889	0.007366	0.070104	0.129144	0.072342	
0.041296	0.365650	0.036952	0.002782	0.164634	0.042036	0.015905	
0.209581	0.525657	0.041534	0.030978	0.001974	0.100918	0.105281	
0.010021	0.049053	0.080368	0.004889	0.406855	0.105735	0.215266	
0.003239	0.200080	0.155960	0.313961	0.267333	0.000083	0.247891	
0.015131	0.268872	0.172876	0.039037	0.030077	0.420337	0.036730	
0.246966	0.059090	0.054473	0.086911	0.262846	0.000480	0.365417	
0.130500	0.187183	0.010796	0.219791	0.026396	0.390895	0.078085	
0.029711	0.006409	0.609018	0.046164	0.072008	0.040633	0.023297	
0.098044	0.067765	0.029704	0.112326	0.001476	0.372028	0.212909	
0.169580	0.092096	0.064877	0.139994	0.325052	0.049777	0.117965	
0.036939	0.102929	0.024838	0.118938	0.130048	0.171707	0.004729	
0.004878	0.012444	0.439614	0.027034	0.009282	0.219761	0.060631	
0.014598	0.030530	0.005477	0.009924	0.039318	0.410523	0.344885	
0.388974	0.084308	0.314850	0.014988	0.155953	0.258407	0.045317	
0.247273	0.073156	0.411604	0.332312	0.208544	0.038247	0.219012	
0.003361	0.124859	0.020736	0.046723	0.002005	0.001501	0.053380	
0.113796	0.049172	0.013506	0.010231	0.013836	0.145246	0.080879	
0.092640	0.039813	0.215204	0.246246	0.058939	0.000403	0.003526	
0.079948	0.020620	0.010335	0.077333	0.010888	0.284148	0.142270	
0.298338	0.253696	0.057645	0.004234	0.323876	0.360663	0.007034	
0.342040	0.065225	0.423656	0.008867	0.047760	0.000328	0.119708	
0.044154	0.267656	0.009542	0.221391	0.025255	0.133509	0.016718	
0.176490	0.192693	0.117482	0.296796	0.023956	0.072837	0.040271	
0.012064	0.071309	0.008397	0.276062	0.091690	0.147990	0.013612	
0.016683	0.134374	0.167571	0.009423	0.047031	0.017414	0.010052	
0.432181	0.036004	0.381396	0.047311	0.066445	0.029510	0.413158	
0.601437	0.026044	0.214245	0.046224	0.000593	0.051968	0.008587	
0.017857	0.050075	0.006904	0.036066	0.129759	0.024503	0.020209	
0.487989	0.261137	0.025234	0.061835	0.225452	0.002417	0.079614	
0.001744	0.391513	0.284983	0.011968	0.672987	0.035020	0.010349	
0.012177	0.090747	0.000375	0.051362	0.529155	0.214024	0.254461	
0.007041	0.092612	0.440540	0.680657	0.041637	0.000296	0.247821	
0.145026	0.099711	0.047142	0.047426	0.080937	0.012476	0.017962	
0.036978	0.004523	0.178973	0.066440	0.214238	0.133494	0.012578	
0.104129	0.012032	0.093045	0.179093	0.046606	0.077491	0.031402	
0.192507	0.051293	0.028757	0.017014	0.317051	0.052792	0.141465	
0.046034	0.036713	0.172165	0.188113	0.223119	0.028740	0.024024	
0.000996	0.020696	0.176143	0.217178	0.016282	0.130849	0.045601	
0.012141	0.093354	0.014366	0.104005	0.092402	0.057094	0.595213	
0.031085	0.121748	0.201153	0.146489	0.045071	0.094662	0.026577	
0.051184	0.085360	0.100414	0.110402	0.205567	0.004759	0.090761	
0.162274	0.010249	0.191570	0.006624	0.107619	0.660327	0.048738	
0.032158	0.433279	0.120069	0.054847	0.184347	0.000363	0.017313	
0.063036	0.177854	0.211557	0.026342	0.000544	0.218359	0.033867	
0.017150	0.081562	0.019782	0.287254	0.017483	0.142373	0.106987	
0.070497	0.023533	0.038842	0.033622	0.077424	0.029811	0.113106	
0.033005	0.636151	0.215902	0.138995	0.257605	0.428802	0.046229	
0.007174	0.009575	0.050058	0.275739	0.026692	0.048116	0.010952	
0.120272	0.006532	0.040136	0.034448	0.132703	0.078431	0.153801	
0.641592	0.046308	0.309569	0.014957	0.017755	0.043724	0.000903	
0.059779	0.047518	0.000278	0.073383	0.214800	0.041119	0.008418	
0.003171	0.205993	0.042469	0.116538	0.038225	0.003757	0.073367	
0.005432	0.029782	0.140390	0.007565	0.053807	0.030714	0.000423	
0.148236	0.443704	0.094801	0.071707	0.008131	0.084833	0.176627	
0.016481	0.001318	0.151943	0.075900	0.051916	0.360093	0.072841	
0.242120	0.057906	0.158535	0.012357	0.105190	0.401052	0.084467	
0.061136	0.252429	0.171856	0.207539	0.206550	0.005643	0.332273	
0.035648	0.147611	0.243626	0.141808	0.274381	0.065362	0.053186	
0.054238	0.000094	0.218381	0.368484	0.001226	0.181660	0.001757	
0.336889	0.005928	0.067263	0.004267	0.000233	0.070615	0.283958	
0.231640	0.097526	0.049761	0.018088	0.002061	0.036787	0.279950	
0.019460	0.138683	0.015895	0.012989	0.037320	0.343767	0.111605	
0.017406	0.082700	0.043417	0.110612	0.077153	0.052689	0.008885	
0.092514	0.208465	0.003591	0.140855	0.102924	0.212700	0.023344	
0.046605	0.020449	0.017949	0.076819	0.155023	0.086068	0.107745	
0.063463	0.015164	0.066575	0.198107	0.404870	0.004238	0.001491	
0.088012	0.021462	0.074817	0.001491	0.376427	0.488649	0.625086	
0.103225	0.001858	0.042700	0.084776	0.052198	0.250057	0.011034	
0.075831	0.090012	0.011554	0.005589	0.000246	0.153379	0.248058	
0.031568	0.048622	0.102170	0.432426	0.008642	0.019044	0.335000	
0.008084	0.005824	0.199842	0.125051	0.003344	0.265308	0.091038	
0.681459	0.068026	0.039457	0.025413	0.304965	0.009081	0.152168	
0.101232	0.078343	0.010259	0.037420	0.015911	0.123346	0.131759	
0.193928	0.155446	0.019719	0.758273	0.004100	0.043657	0.284689	
0.124147	0.101779	0.395466	0.135764	0.042391	0.014659	0.000049	
0.157576	0.008130	0.117630	0.073997	0.045828	0.017638	0.152764	
0.175196	0.104496	0.584969	0.037147	0.035940	0.015407	0.036878	
0.104620	0.012940	0.254129	0.054584	0.148134	0.041100	0.001073	
0.028471	0.028635	0.401253	0.289086	0.002872	0.131088	0.002236	
0.259829	0.067830	0.009255	0.006195	0.003915	0.135674	0.249604	
0.043603	0.017705	0.058762	0.013603	0.010817	0.336390	0.080558	
0.245839	0.029487	0.123999	0.187794	0.057910	0.042490	0.067192	
0.368831	0.030236	0.108069	0.141357	0.003427	0.007689	0.019354	
0.032124	0.005519	0.093909	0.023972	0.234294	0.002130	0.113130	
0.074670	0.016104	0.086825	0.004410	0.059380	0.022437	0.390763	
0.039666	0.548430	0.126405	0.106291	0.195719	0.052034	0.105163	
0.031888	0.098181	0.074631	0.002269	0.315030	0.081332	0.009901	
0.014289	0.003413	0.453657	0.174123	0.000677	0.030011	0.260924	
0.037364	0.000108	0.205662	0.000524	0.009512	0.104098	0.003459
0.005704	0.041293	0.105511	0.008574	0.050370	0.259980	0.003142	
0.018629	0.157015	0.000969	0.023200	0.140081	0.028966	0.046565	
0.015366	0.495667	0.202770	0.062494	0.024384	0.074852	0.302506	
0.026848	0.026884	0.254984	0.010343	0.008222	0.000593	0.092757	
0.445536	0.005135	0.785305	0.530567	0.198360	0.071395	0.647607		

