N=105
R=10
C=7
m=2.000000
anpha=0.500000
eps=0.01
type=0

25365.443797 12437.104878 23709.877489 24154.760971 27437.773380 6728.989710 10721.459916 23278.658250 9055.466613 17065.128718 
14844.514504 19237.256818 11578.749711 15888.626396 28614.662030 27569.656972 19435.640111 21801.610954 5106.474105 18602.097411 
1472.716577 8043.716348 4979.715727 24321.125873 5543.693588 12627.387433 4763.922957 4155.455259 29968.811022 7329.450254 
15875.039438 25334.254806 18766.555145 9584.916913 19489.015763 16204.328512 15313.906623 29210.475693 9482.986748 23369.373236 
16275.604397 23327.501252 12606.630041 26854.354108 9216.127634 11221.292071 24424.011080 27651.767745 3022.903011 28530.485186 
16253.865156 3495.619588 6574.201534 20233.580883 26816.745474 11117.895122 2860.968303 1580.668417 14273.350381 2829.779311 
7910.118671 29148.389819 27164.034131 25676.673816 8733.306732 16653.049881 11881.002315 23047.213355 15863.525560 20363.989063 
16416.586591 2139.129957 13691.490301 28023.216631 27993.484065 21907.617949 9244.508688 22417.495132 19559.385680 11267.411713 
20947.980318 5813.250823 13763.031301 26522.181852 25046.831707 10579.776761 7640.076960 26907.800023 11160.445178 20913.427341 
28737.579334 18070.563863 20061.817146 25901.613452 13747.237665 27795.123878 12554.663333 24628.239994 20842.337233 27418.188893 
14992.229043 7258.923810 28557.318850 27683.719358 5282.140428 26550.802916 19591.337293 13526.649130 18968.298034 9150.722960 
23794.060843 9916.278338 13963.973797 7557.092130 6438.460177 9010.805490 17136.868904 13078.537137 5918.605499 27297.314082 
3991.964465 4656.184834 15367.877931 23053.781624 29557.798286 28115.115610 20848.905489 12112.461605 22743.355590 11691.242709 
9530.650498 7735.584620 17950.166519 8087.969335 5419.303964 22232.306960 4638.772237 24010.641257 5758.956076 22607.070285 
3161.364217 28553.016919 2523.348610 16125.338014 6110.109035 7961.808800 24136.143504 22246.977939 20040.345937 29054.749017 
19544.292021 23032.310415 3710.933837 4912.169938 16086.092026 3268.732110 3027.285535 6934.997501 14381.193728 24770.641125 
17626.240223 22911.844226 2506.225745 5576.406729 29999.813561 6925.529709 26808.713689 4638.585798 29936.170980 2567.669752 
26245.656083 3097.535184 1120.686657 27769.004693 18222.873198 6230.795706 5730.813479 12359.016689 27477.773645 24771.159429 
11413.765692 17022.065652 17803.469830 14124.699530 20934.235604 3889.561842 16393.431653 22961.521139 9824.559343 29774.625381 
17732.162264 26450.799567 22686.469594 19238.388009 2027.206296 22686.283142 25163.917718 27835.919985 26324.868940 25100.088684 
29403.589750 22570.525010 27197.623868 29524.276407 20339.529703 15420.497053 5755.072100 25070.343182 26779.513755 3232.845744 
19841.502597 8193.279434 19254.911396 7644.972414 21317.978977 10189.146987 10534.534256 7711.410616 3150.668126 19359.093613 
7486.035984 19882.830390 15809.893166 29172.505579 9121.218385 16837.099462 21858.788707 4285.136090 14673.019446 18183.657648 
28385.224788 14076.609183 10754.182644 25582.848642 13600.885576 1093.712333 11003.345695 18355.957689 25164.055528 7782.859436 
20588.803434 15005.558112 14976.138870 9843.714816 21650.530539 6294.117833 19032.861817 2185.064781 13005.528450 21183.529942 
20544.158394 19491.564434 11066.360319 6354.051560 18664.069999 19187.578704 22191.151022 10522.858706 22472.714794 6864.170454 
27706.516354 20857.939568 19940.779637 8460.698984 16440.788210 3541.665213 8554.411331 26444.133905 20897.622903 3718.466846 
4226.993328 11486.426323 17724.024957 18203.132197 20330.141139 9374.555483 23497.250044 9363.002943 10559.620277 6502.778480 
29546.532885 1103.778658 24994.342927 10612.893190 6457.830217 13658.412913 28800.471894 27648.981253 23181.271619 21273.186688 
4513.151693 20887.787959 12131.126242 23453.931344 28348.486957 27571.914452 25995.596557 6902.898274 24016.048343 16893.219447 
9621.365120 27243.041671 27379.645770 26345.390077 15446.173868 17709.786896 5719.945560 8943.423899 26072.789852 15279.565837 
14446.202379 25619.322723 15383.344495 9440.545293 6232.215913 20841.174726 22098.958219 5032.687794 18490.155965 15280.229824 
25305.874481 22003.307658 6168.017783 7437.000723 15457.238989 4516.504727 5008.915161 11452.835533 10419.403001 28024.963518 
27346.054979 19040.768121 25268.005176 24725.700735 15386.158185 10714.179030 12435.487631 20106.103745 18657.602929 8508.277469 
5385.669569 3103.805308 4127.600179 19769.014077 11544.350601 9359.816092 10610.188789 3643.308807 13392.503899 28100.344754 
17923.538644 8698.378366 20103.652399 23091.556428 15135.379089 5560.891388 26608.061154 19144.294264 16013.726920 7027.464142 
17169.257769 13359.781900 25068.232263 12437.262931 8085.482622 10454.390434 22151.441975 19520.970253 29560.494192 10809.044890 
27029.247722 4946.163747 12912.850199 1156.847900 23715.177825 23457.200813 9516.663992 4325.366601 26100.509620 21909.167891 
2425.711341 14024.048251 29607.546271 21529.363754 7115.604665 14742.925346 26090.255142 3723.665805 3887.219597 12103.982049 
9751.129947 20056.477365 24463.763948 4819.362196 2493.740296 2549.246570 14273.752643 23645.182270 21070.216822 13834.246822 
4454.227147 18099.464544 17780.410570 16367.077360 18256.312444 11495.588394 9824.278159 26772.976437 14820.954995 5924.787766 
18682.144327 16246.666350 18948.836030 18289.690585 7776.030090 25064.440695 3032.615917 3866.285218 27788.106514 5919.835527 
14970.267267 7539.236447 24976.312893 9434.031215 11358.598657 26470.053188 10983.277785 24632.351300 20115.235445 2053.494594 
8466.598109 23569.462606 19152.959138 25247.008678 9936.539952 7409.271569 6742.597059 18760.818112 4182.248006 20563.552067 
23685.605877 21864.392333 6810.218403 12634.441894 10154.082904 13586.248493 7698.882589 12186.698821 16452.533711 5486.989089 
17106.534349 1422.800965 12026.225536 12082.847241 9856.832180 22384.824192 8552.900416 19840.109965 17017.175479 27668.135875 
20893.604573 24483.773587 21237.598467 10046.563698 19730.782266 1174.138406 16455.835280 25473.379324 18934.956518 19638.083286 
16036.931378 12620.562381 11502.475606 21847.149781 24255.004289 20656.558510 5433.398260 1953.886864 2843.257318 20885.931972 
6440.875952 18949.791680 21308.732950 17467.101488 1032.638908 1165.565117 9851.925680 8585.539324 20005.675096 25869.101159 
6253.675185 10899.279655 20352.874747 26491.273653 19945.843352 10083.656999 26665.412058 6401.678619 5557.036310 15600.368562 
25039.761905 20593.967701 27220.930957 6542.237497 12441.117468 21475.935233 26198.796007 16874.515742 22429.822096 28042.053338 
7760.447701 27870.698049 16991.845005 28069.180651 15337.799523 17024.483913 28234.745782 24189.725204 24610.023237 18240.420864 
20058.826363 29863.698435 28139.700519 10411.701096 26354.972074 18085.543857 19495.358095 23020.384133 23487.222490 24052.394405 
8620.752682 18526.984382 14646.362092 5841.683626 24069.221892 26087.479574 26317.618858 20268.017886 12961.995303 18747.440941 
18310.071211 19722.443004 16618.138976 5301.916202 17791.623655 1955.938499 21326.400114 16026.369423 25145.663703 15936.423351 
4266.790273 15204.490052 15800.121773 2406.490778 24616.191148 12155.093834 19492.034636 14111.549229 5175.477953 12979.257112 
8163.943634 12796.230649 1506.241494 21810.305726 17637.914274 24575.463387 17897.785287 13955.533132 14843.481259 29859.780590 
2702.974060 3153.552469 19582.223594 18321.113050 7455.468671 7373.847236 19277.051549 27781.868799 22400.216659 14422.715238 
13718.292137 25667.006932 28627.205304 28518.413909 27073.497710 23243.396439 10673.507730 16565.532333 7354.945668 14848.985697 
28544.789458 14518.889302 26645.216345 29051.030953 6329.195015 14283.130606 23626.494326 23226.980315 27238.663738 8469.975571 
23086.760892 28941.637812 10623.528040 12668.984472 17262.750848 17078.996725 19042.831708 6539.802383 14860.865510 11443.048353 
19962.517622 27579.157647 7110.055272 18589.722913 26097.571543 4183.552968 11833.119351 6771.079259 19749.085314 18188.065020 
20620.064956 18293.874759 2706.954308 17265.281288 17344.905698 8036.149323 1548.411893 10971.400010 1263.129625 27787.075632 
18441.375581 23349.890530 26728.713430 28064.903635 6018.874988 13991.464264 15143.900347 24061.706710 19531.266648 29004.765857 
5504.755049 9493.784270 26583.923491 11614.810334 27083.507182 22681.495020 14798.363303 8916.626520 28452.574279 4547.448604 
26104.691539 19072.639235 21841.323363 27811.645848 6337.920509 9186.229048 5847.795171 6886.332403 19157.629058 6110.924795 
4673.408035 7599.004640 28460.815325 1402.121451 5663.908261 4479.690314 14393.585729 19807.808608 27541.397023 3924.852363 
18812.574451 3046.152059 12418.636632 15396.497928 13660.962393 9502.143814 8077.992935 27459.325710 17418.770334 6530.567201 
2006.774300 13523.461874 24603.206436 22848.097676 11335.107708 29941.126959 2034.326711 16182.902879 6827.459348 20191.955783 
21293.827688 10500.867383 26790.960422 19754.642999 10902.988847 2454.868670 23234.333313 24296.574576 21262.677278 20775.730322 
27221.426939 10075.251715 22821.882395 9640.063571 24471.749644 6482.844775 18142.207386 2549.742565 3942.170471 5560.977706 
8080.309765 4948.944784 18084.439580 2683.516201 26797.042461 28419.547302 2624.643147 27831.369171 14602.450167 8452.102495 
18023.324940 5896.277841 17952.969891 14814.285349 24650.920854 27855.958739 16269.154019 17885.254153 22152.533301 7531.831283 
8660.984475 19373.960226 16607.082998 1482.866857 28014.023798 11078.832628 6965.711632 16156.231170 12628.575193 9907.882116 
20717.208890 19708.884972 13856.826900 8801.648457 21392.401173 10653.869347 7221.195745 23017.044320 8485.238505 20823.645926 
1469.146802 25508.563459 25719.923767 18422.116693 10322.848795 20370.844607 16278.075419 25592.002827 8256.098760 8430.608706 
3123.834096 15917.083235 26804.568946 18730.917108 16399.950092 24818.592730 28809.749736 22365.661724 10974.823900 11438.324929 
2273.543827 1692.032776 1147.209888 15130.370727 9493.681233 21539.611061 24784.240075 15714.876991 14556.655368 3269.478580 
6538.522903 15025.802170 27778.042039 2258.446656 3447.918863 8100.890820 21629.291277 18725.994282 3692.893634 28885.390037 
26156.603002 5816.727744 14802.473259 22961.171934 23547.644852 1202.423337 17779.764651 22357.394575 22568.085062 27754.588551 
3795.719491 23841.628902 28446.621327 3942.929379 8971.999616 7940.302560 24482.540440 3756.239691 22655.179551 9039.195795 
6025.718271 28193.702454 23064.997978 3803.760297 29452.149111 25512.916841 10904.651117 21081.440374 14238.911110 13597.544764 
19966.830397 10395.514098 18414.272508 4769.303642 3356.686019 11961.917347 4971.726980 20136.450683 4319.311908 26539.812055 
17891.039221 7115.031412 20381.440943 16337.660548 10057.960791 28353.440559 23277.963109 4540.501231 2109.680236 15933.142646 
12579.697026 7135.398507 14126.845087 5644.694990 9939.158804 13578.994184 1157.611818 19843.809934 4660.434558 14396.522941 
3441.354685 23627.264955 23792.037039 20855.627194 27396.568611 26148.723071 2817.544527 2368.295577 16285.173741 6136.856435 
27908.107631 4176.212948 12251.887847 18289.548561 19513.873497 21309.848652 16642.989120 12791.836592 24850.349883 17752.669357 
27724.979238 7430.046895 23888.067877 11851.824311 12074.741899 3827.226668 24430.818509 12232.353717 22671.036602 28091.253067 
25628.876658 25112.391287 21718.518008 19420.913697 15968.018467 19115.086605 15569.636755 17785.562994 20483.382195 1854.810482 
22922.419442 18391.489813 5031.023431 5174.307276 6681.038374 23544.896941 25484.155928 22324.027495 6336.733519 20334.505798 
10076.696838 4061.712757 26764.552706 3964.764702 14913.537069 8839.294592 6791.991383 9344.355564 20071.648309 28463.027985 
7435.608618 15700.524967 23575.419272 28154.126640 5121.438651 9543.437725 17269.213231 19691.075406 26329.000733 7752.595413 
20545.885889 19251.420161 25144.085240 24576.909319 23425.727437 1825.123601 18121.806247 18909.883365 23149.151096 23458.539780 
9244.389149 3225.847920 26520.252537 6008.941842 6190.612635 11433.789592 13848.236434 11982.604018 19778.145170 3919.884743 
10445.631989 26213.753787 18620.409711 4021.051247 24367.880413 22741.848362 12564.488986 11637.093645 12432.923755 8893.489705 
18389.689058 2978.809630 27144.909866 13533.774285 26555.718949 20570.637290 14358.897886 14677.525196 9480.520642 7508.048968 
8136.064962 17724.909805 9733.896902 4656.317485 22733.851647 14924.509537 15090.107077 6582.088081 25907.113555 4868.252234 
9501.972825 6352.745530 1082.006021 27122.382535 9373.796791 24449.886434 19864.230884 20938.285777 6086.980066 2297.154625 
28831.775482 23476.669138 4275.964255 25976.685334 7010.443409 29831.683204 16547.322611 20369.341308 14509.208387 25027.843267 
26877.390277 21645.273349 12752.753058 6611.287165 25301.590834 5486.604692 20535.796702 10391.697912 11068.692774 16442.910243 
14259.950145 19570.665598 21795.655787 14341.956166 16693.048120 1169.452564 8791.842601 6557.278990 21107.738341 13878.822667 
7854.433615 19939.513809 7355.491791 11130.397870 15916.199130 13365.935213 10962.081075 2463.521728 3735.276508 24471.289462 
26491.364995 29612.666785 16116.562811 9244.118040 6223.953949 11418.153632 13730.722745 25759.750651 20809.851543 23799.415519 
12202.660894 5069.801689 13370.081117 3998.316668 18411.757855 29063.129237 4167.769232 26203.600456 5620.408227 24275.507573 
10082.423122 12474.841842 14215.021369 16437.914913 22605.239726 29131.220500 28803.850126 3567.320787 1594.742214 2539.126620 
27038.610249 27086.107222 2151.793405 13155.173046 6330.225249 7375.747354 23573.326691 19060.947994 3135.497992 14383.178221 
12860.363513 14338.158886 18452.979910 25230.444630 17336.475554 6864.737765 24293.573853 20504.244786 3068.338207 28913.982080 
14779.752345 12150.761329 11388.823922 27994.773714 27588.676255 3994.063635 27125.994200 26392.526368 6561.384422 27720.736428 
27931.653002 3599.994657 24806.843637 29083.446407 15755.167717 1137.068872 6459.193748 9328.494395 19198.016879 8594.691740 
22711.672616 2058.380378 21932.850639 11164.652526 26288.825008 9269.326179 17029.390291 20582.398848 28773.570978 19097.728498 
19496.380928 13553.323310 1248.489827 29885.204851 11548.097024 27837.166083 3879.268472 8674.091211 24229.692437 9440.652894 
6394.827626 22161.345425 12040.647551 1201.671249 21244.791818 26795.815268 1338.740135 26703.985566 6124.309650 19536.757014 
5298.677306 27835.982279 20595.137392 26231.527945 9000.634792 16883.962387 5500.854111 25030.025083 7466.361222 4274.425076 
14127.753567 25962.742150 16827.748400 14376.243394 25847.946987 27375.845424 12213.409463 28727.215459 6049.936622 6443.101900 
8167.868340 11444.764261 27604.447325 19208.515904 11646.435511 18849.239143 16004.331159 11985.175645 15553.224696 21128.640823 
1521.932646 19851.902002 18964.623088 21117.070038 16083.429934 26965.257880 8001.032412 20584.284058 21995.282949 14467.393647 
23858.709134 6123.036503 10430.135783 10686.457520 19499.279910 6278.082770 8062.302931 1712.689360 5005.298216 13112.239566 
7155.791260 12173.166569 23557.003828 4760.238585 1381.682460 5203.439325 22609.477728 16386.013619 16188.614984 8162.702411 
7514.654428 16710.547630 27014.604426 25479.277517 7827.617668 13098.034347 22444.535384 14828.650080 3682.318391 14439.818320 
28296.043727 26541.027539 19562.854836 8726.179511 7227.485045 9062.134733 14004.262281 14289.787990 9774.824093 18009.560497 
26402.027556 15930.615366 29182.727066 19959.031370 19690.853951 29564.409526 24162.470695 12300.331666 15950.423145 10351.085665 
19463.034077 22465.077574 26061.633308 16477.638490 17944.355091 3889.250962 28575.672850 10388.890461 17717.901043 2257.991228 
23828.708794 16013.944770 27799.018767 13391.563616 23740.124280 5026.503812 21453.698349 7744.386548 18316.291802 1228.522429 
24753.947045 14718.319344 16159.137795 23936.674111 4677.350701 5849.991733 23501.083623 27839.821395 17150.323399 9451.506755 
8190.907060 6613.357477 1916.584329 4252.540355 22090.995967 18860.939419 7141.791317 20666.668804 28249.829880 23859.692360 
21924.660045 22078.538660 9873.637116 19723.678798 5470.102263 3613.761383 23750.182610 25923.800613 10358.147931 12066.474399 
26152.323055 5112.094976 25784.793743 12311.460837 28048.769087 29462.144444 17161.452584 21549.852697 27301.965839 4311.775969 
1001.359452 5492.872886 9925.133446 1917.943781 8745.413240 2016.129413 19778.883200 14887.204558 21682.798217 18028.713067 
8746.896904 13607.458249 10107.251727 17620.534033 3331.137047 14577.353990 20234.295416 26081.319657 10501.154603 29592.443361 
8147.794056 6653.477645 4704.538323 3932.587785 17964.938482 2753.307397 3394.732229 5126.391052 23303.160094 29696.698068 
8438.167035 23304.519546 5189.570940 17363.300481 24222.463327 12934.984180 18379.429894 14001.346513 26822.188738 10062.228111 
2030.059580 5569.085628 22669.686360 11137.311307 22189.619661 25000.823407 24714.665297 12423.915078 21082.143064 5215.819887 
12016.358425 28229.937120 10869.297532 15720.896748 2162.524891 27834.236027 17474.204145 4557.257120 2960.627065 10777.364225 
4253.955174 10398.794100 4081.883771 8443.526114 26762.094595 27304.347098 20378.510294 15141.524476 11305.693611 17200.699018 
24203.752587 12335.753191 21769.784660 16873.438946 22473.064498 13959.404307 11874.262339 17187.729782 25383.319385 2956.405390 
21403.549682 7399.677796 1186.342496 2272.847200 22120.574545 2348.867400 29107.083228 9594.778676 5906.124520 2067.710293 
19372.142915 9160.079707 11466.504393 22454.026687 16603.605821 8228.598975 19758.373771 6982.116115 22370.123464 1064.067369 
23182.815133 16573.876037 12399.820560 14952.599779 3447.314970 4872.885044 27912.004100 14321.577323 21060.614839 23295.323471 
16277.982712 12464.164508 29695.001281 16464.325221 13737.011708 21815.575812 17813.192622 12844.094936 1410.354489 22719.317142 
13911.805229 19782.497404 1879.396836 24378.309622 12236.524077 17483.002670 2606.908597 1994.897835 23465.118785 23977.032061 
2058.965217 16647.933904 10550.908084 13458.785777 1600.533683 12998.223068 17331.670835 28512.537783 26319.800391 8392.285661 
21807.861240 12597.783089 19856.450168 21502.862508 28062.108311 3593.461863 13318.438321 15875.300919 15437.556799 13728.792809 
8594.618061 28349.362028 3511.290200 9474.014897 22727.671650 14747.814277 25957.017567 24334.580247 15742.712112 19422.136339 
18311.612294 16801.677329 6070.070243 27862.520378 29260.463120 6670.603926 10860.743432 16592.133941 5183.141695 7180.543809 
23984.419602 25991.002936 18778.326912 13840.869757 17493.865444 16840.435210 16434.331620 29812.303765 2715.736129 1871.888419 
13541.096560 10310.354190 29221.250446 16052.386760 18784.369086 21948.922082 29800.201037 14741.386653 16283.502315 15542.913136 
4163.522978 4595.114596 2344.590465 9233.593221 2457.634974 1605.053572 14904.197148 12318.378406 17197.187513 19087.338843 
18498.922229 11181.607102 15078.341779 7277.249127 24022.476858 2572.207209 23117.684337 10456.808465 2384.510961 24833.420466 
11328.696883 14925.607521 5143.774642 10549.947330 29977.994281 22928.143742 2498.869398 29778.195305 7669.530381 17782.371727 
15321.108428 10833.053360 21377.486323 16665.698893 19066.646595 22835.121296 17270.752465 3970.843729 5153.499702 4467.939964 
22058.182585 22652.421931 14649.547066 7136.524350 28929.671058 8672.023911 8708.731560 22047.355381 18128.832389 10093.242521 
16880.775847 28457.529273 24018.850042 21024.550489 9007.476589 23996.844309 13952.694217 10506.346001 23775.039601 20622.224598 
27288.717728 9096.148015 1455.277958 18666.204037 24761.846921 19521.924552 11501.325333 12032.599372 22492.768281 15654.825035 
15500.539350 14550.950852 8307.246952 29150.086416 20687.475203 7236.917997 7822.110327 28396.206763 28284.273378 24950.942716 
8489.449270 15165.049212 23408.471975 2508.299298 6189.599700 2415.948564 25505.143607 19142.293917 11922.294565 19280.183195 
9764.518515 9211.012279 27376.331223 10219.796473 26877.216316 22138.178131 28741.721025 8378.541636 4170.777490 21234.489292 
23033.366671 18671.316840 5785.440145 1340.613610 17821.403256 25472.915348 7577.531607 24643.513583 23869.122111 5861.804985 
19594.456286 2358.571367 20026.854197 13002.928247 3866.870678 25216.453897 14418.876811 28372.014286 14358.747814 25341.171376 
17652.197481 23123.266329 4552.183641 15028.528690 3343.062788 1429.399957 7166.706808 2084.783800 8807.941592 10337.484298 
22319.273092 1841.308263 28008.801152 27104.713237 2181.921873 15830.204394 22577.628585 8759.453493 10473.717964 16446.750683 
13621.258478 29068.174249 17805.322050 3648.112661 12071.102483 20672.192728 27864.566571 25489.979307 19044.207014 12223.314372 
20831.150670 6696.404481 5346.580688 24383.334324 20724.933171 7689.643476 24812.734281 26891.639979 8774.427276 3620.675859 
7229.124264 1093.700355 4461.984122 5237.925402 27198.413606 5643.906009 20068.129796 19776.042178 13403.359502 29541.847759 
6222.792847 26024.617980 28610.021995 23028.114896 28672.730641 10681.124477 13700.307624 26537.297199 6171.103771 2744.514624 
8760.611557 26002.254441 8440.919105 13107.192245 20385.588751 28165.852276 19796.835721 15198.323018 25057.492242 27571.262997 
17818.998891 2286.616492 27664.963365 21280.983014 6524.541907 24863.376958 25924.889022 25592.671702 14639.419122 9328.248511 
25134.519462 19862.211969 5352.866477 23744.541443 12890.326851 4025.597118 4425.665907 25590.634476 29562.894317 9596.769678 
27335.149100 8323.505874 5599.024119 5776.068192 20430.698119 24984.612870 3941.920455 10227.533840 10182.935889 27999.412696 
7798.796823 27001.934780 29286.029202 5463.760175 18282.917780 5810.571095 29327.137133 14207.806803 1403.242784 13966.556241 
22536.055314 25537.762245 3828.768196 26888.921804 19282.303688 15719.095061 29914.518922 22707.969595 11309.729524 29477.413225 
2304.739273 8644.878624 7800.919086 6903.763392 13420.946816 27231.617218 1888.376249 16362.867284 7459.151044 11071.312138 
14362.279967 14257.947867 8073.246905 13648.309155 18721.708056 25356.164699 18458.880250 18048.845175 9563.971489 18862.123047 
2015.401416 2100.026789 14399.885279 4844.169613 27988.948593 3682.188954 19563.264674 27903.467501 25390.158562 29872.994211 
27380.880727 26694.897835 8517.872822 5181.799799 3598.661214 20938.819637 2413.417003 4487.037464 7301.686908 8872.568048 
14558.349616 20663.966888 22130.515928 21631.596521 4312.276029 10852.223971 16987.761206 21771.156292 27901.069146 25551.732695 
10633.279326 28916.470563 26651.759497 24033.164605 3760.640175 24640.708077 26715.353572 22323.904850 22544.175578 22105.512120 
22196.899048 19925.056291 18800.409942 29714.771869 24106.856090 21399.071157 20653.591507 25520.273107 24886.108621 26955.278415 
4392.841141 9444.458223 17619.245289 25523.357069 1076.054744 20931.521332 6375.581027 17063.815950 12702.677611 4276.650173 
12615.548645 22335.956936 3193.120722 9267.308129 16369.121527 5953.760897 3908.016192 13084.475086 27277.665760 25452.191770 
5189.987192 19474.564795 15377.248048 22990.397135 19189.336664 9484.104138 14389.468278 9842.928158 5004.377231 9275.576898 
6798.206559 8397.218372 17720.035121 23417.451862 3920.575441 17796.089865 14348.973180 9296.156468 4859.905815 26051.650791 
12572.806641 16475.454460 18387.607713 14765.927376 24742.762588 4756.729227 19719.688273 27650.778780 16841.204327 16997.354020 
23102.970550 21031.191519 6471.918815 8480.218584 14021.588654 24661.255479 16964.322722 27411.056932 4504.183623 20968.699953 
6686.633817 10302.390182 28365.918338 23406.668951 3719.842030 2286.493766 11202.758803 17068.815210 10582.650234 15062.664617 
13120.465987 22155.456888 1538.119063 1508.073687 6921.384251 25280.881652 5264.802928 25641.072524 22931.660432 21106.007254 
12638.426544 16034.630968 12137.198760 18110.345359 23514.849552 25158.787414 12771.600825 10479.172274 22569.844345 16275.784448 
1447.872213 28256.478162 25578.174630 28813.790551 21663.147100 28298.016674 1100.284303 2865.905903 15366.831870 10682.934550 
16928.570520 27487.297871 2838.391425 17466.689597 27995.371558 8759.775676 12747.571235 3260.174472 4400.848186 5679.231654 
23366.181726 16039.274731 20713.862622 5503.380486 4149.620077 14228.712174 29662.167900 15921.220902 23707.884448 22232.012231 
2197.005337 24155.756661 20488.490394 26775.179981 22969.547212 12151.637480 25073.196641 23069.831515 14017.543383 10440.028498 
3752.766052 29946.113917 7927.326356 5591.157477 17412.803500 5922.697913 13350.933152 29160.374736 8182.872385 16751.781352 
4839.606389 1549.054112 2791.056069 24553.469011 6052.434598 5940.676160 8782.181172 5714.602484 20861.897062 2490.065607 
26946.614729 22058.902412 25645.822281 17435.105109 18834.082379 18615.369479 28586.742589 13907.279007 11685.200980 12604.285972 
23347.307505 14437.967045 12550.399875 1274.633860 19029.124522 28963.203375 6197.331774 2380.057675 28123.578097 13380.204159 
18131.839027 2963.184473 13929.258271 19922.895096 26516.653498 18981.692868 24863.571256 5298.834657 23696.295366 15725.468317 
6788.900277 20642.910081 7784.370716 2434.722544 8078.015176 25618.453095 20050.092023 6664.757752 9525.732088 1735.292990 
18269.043724 2873.039579 15173.260035 29819.443599 3147.673439 4202.384557 28782.646960 8345.005213 5582.442232 26906.225058 
20725.209385 22714.281259 28869.409531 4654.467643 12637.176341 25386.063015 22636.160524 7500.747597 29684.897685 16332.455876 
22226.215914 6473.797948 6975.365944 29010.586630 7908.520492 14053.381120 24629.039711 26958.612515 19718.138872 4154.771785 
27693.905505 7987.182595 6027.811364 12867.165540 7806.626181 8175.484817 16069.550097 6589.273141 15520.490030 20651.992329
 
0.086052	0.180886	0.426423	0.047066	0.306902	0.827705	0.887965	
0.052977	0.051869	0.877099	0.581682	0.783807	0.065851	0.787729	
0.749690	0.304075	0.237846	0.564484	0.199200	0.883299	0.673269	
0.119679	0.124236	0.846642	0.528892	0.358948	0.094073	0.048532	
0.551681	0.594779	0.726187	0.637733	0.775665	0.152610	0.684799	
0.082568	0.980315	0.572763	0.135545	0.032184	0.449862	0.717227	
0.815991	0.515713	0.504956	0.565681	0.819788	0.742802	0.130165	
0.018988	0.626101	0.803434	0.138667	0.750337	0.650077	0.667559	
0.109285	0.744149	0.716091	0.660966	0.338929	0.442278	0.298698	
0.114594	0.594888	0.983497	0.197162	0.575203	0.556260	0.332706	
0.607387	0.006122	0.049933	0.423378	0.521834	0.554889	0.989059	
0.341622	0.297691	0.119224	0.360610	0.923792	0.922658	0.499278	
0.674129	0.572735	0.166837	0.783413	0.316884	0.882928	0.444379	
0.655813	0.325206	0.743078	0.770407	0.920094	0.726575	0.967568	
0.495297	0.282835	0.300275	0.102683	0.288957	0.350207	0.526061	
0.810791	0.905096	0.515120	0.152413	0.202787	0.634344	0.513024	
0.126579	0.557002	0.012301	0.800708	0.129737	0.179138	0.584121	
0.446622	0.062067	0.028500	0.102434	0.387273	0.771578	0.872841	
0.307366	0.498153	0.840409	0.802663	0.780987	0.140684	0.905346	
0.069944	0.490891	0.431407	0.880735	0.395988	0.946527	0.033148	
0.598775	0.580872	0.546172	0.725354	0.137874	0.558473	0.526062	
0.267611	0.737611	0.110183	0.714233	0.799678	0.138684	0.816667	
0.186951	0.910262	0.689509	0.494317	0.408414	0.529918	0.296980	
0.189401	0.670602	0.202326	0.259345	0.161494	0.633734	0.140080	
0.557481	0.580261	0.173228	0.156257	0.161133	0.719400	0.881611	
0.299007	0.277873	0.407673	0.566618	0.015484	0.517856	0.280851	
0.815162	0.656540	0.097518	0.002113	0.566801	0.787027	0.496430	
0.975215	0.316945	0.793410	0.164617	0.987547	0.995737	0.423962	
0.149041	0.629471	0.564042	0.706522	0.209732	0.737270	0.862779	
0.370865	0.456670	0.744390	0.669871	0.734543	0.152062	0.236490	
0.750027	0.669918	0.517341	0.565189	0.326458	0.614859	0.567302	
0.893259	0.401886	0.063733	0.868474	0.718831	0.857143	0.033091	
0.706378	0.852880	0.457052	0.855419	0.482350	0.021094	0.561941	
0.692082	0.758364	0.424720	0.062947	0.215033	0.169109	0.732818	
0.949576	0.321172	0.969308	0.699603	0.991090	0.486648	0.264793	
0.317548	0.101507	0.832095	0.210806	0.503394	0.895828	0.079281	
0.222225	0.752971	0.112371	0.928603	0.605850	0.569424	0.784022	
0.088201	0.590518	0.345963	0.780283	0.348881	0.770682	0.843230	
0.563915	0.939791	0.576048	0.513491	0.260963	0.545356	0.213094	
0.252053	0.032004	0.477887	0.569600	0.133512	0.309982	0.780407	
0.636905	0.205809	0.859687	0.859130	0.958780	0.972059	0.787733	
0.564630	0.541482	0.571755	0.652831	0.132000	0.917717	0.433114	
0.480881	0.688399	0.276344	0.044796	0.628191	0.852391	0.558287	
0.889154	0.397747	0.771381	0.141207	0.429751	0.249267	0.710807	
0.563263	0.559249	0.491214	0.200168	0.765058	0.350901	0.059298	
0.723838	0.322960	0.847031	0.288468	0.864442	0.418785	0.941299	
0.996442	0.336502	0.374413	0.477323	0.024902	0.650757	0.522119	
0.653093	0.503148	0.080405	0.542247	0.900895	0.851786	0.683453	
0.330647	0.101054	0.394260	0.893909	0.660302	0.885474	0.094077	
0.425361	0.236375	0.153375	0.149199	0.559335	0.000406	0.437667	
0.423777	0.419191	0.378966	0.420218	0.755693	0.753379	0.897541	
0.780595	0.404136	0.419660	0.433687	0.907284	0.500065	0.975934	
0.808179	0.351851	0.659387	0.138826	0.452905	0.053647	0.032735	
0.113207	0.939121	0.126812	0.538568	0.175496	0.280188	0.687766	
0.734831	0.280593	0.125433	0.158607	0.699784	0.504399	0.578825	
0.455477	0.257778	0.476366	0.236071	0.661914	0.896026	0.669759	
0.569198	0.396091	0.645693	0.377377	0.747942	0.305080	0.516203	
0.200847	0.358727	0.548938	0.314054	0.297849	0.675750	0.852622	
0.473345	0.955938	0.540389	0.208175	0.236531	0.665822	0.366783	
0.936315	0.170221	0.945608	0.391792	0.427999	0.421975	0.627863	
0.089914	0.318000	0.297622	0.659112	0.714091	0.943315	0.036489	
0.462033	0.248395	0.552692	0.662880	0.607122	0.101630	0.976935	
0.904971	0.777380	0.829557	0.378316	0.733318	0.369946	0.586491	
0.969849	0.035767	0.953274	0.906164	0.205989	0.898882	0.297956	
0.633988	0.320857	0.925819	0.723902	0.638857	0.223441	0.383013	
0.352948	0.166755	0.419502	0.814982	0.415150	0.972194	0.477862	
0.022273	0.073824	0.454797	0.927244	0.851204	0.284354	0.305560	
0.584522	0.654299	0.892051	0.554371	0.690067	0.845325	0.460535	
0.896055	0.744207	0.758491	0.530043	0.065064	0.684310	0.253945	
0.703921	0.907750	0.636959	0.056869	0.074505	0.056461	0.871851	
0.489656	0.028655	0.349713	0.511929	0.102479	0.804510	0.439173	
0.953683	0.088864	0.744732	0.538205	0.743163	0.636783	0.092576	
0.433230	0.482107	0.553111	0.329285	0.226314	0.311602	0.859329	
0.291378	0.995912	0.113274	0.995298	0.903662	0.750232	0.052167	
0.978167	0.806693	0.924018	0.467823	0.835348	0.273731	0.979752	
0.937826	0.078241	0.418925	0.891509	0.167104	0.163657	0.429714	
0.910267	0.800440	0.522290	0.343497	0.282547	0.075401	0.672782	
0.508861	0.387003	0.532111	0.800239	0.382915	0.645385	0.795537	
0.286577	0.395617	0.847705	0.264745	0.202310	0.771723	0.732568	
0.037658	0.045454	0.712320	0.975484	0.123695	0.131244	0.866993	
0.290799	0.294901	0.296707	0.201067	0.095341	0.818996	0.544564	
0.377888	0.894397	0.217346	0.886749	0.281401	0.749457	0.686988	
0.664316	0.394842	0.482525	0.950893	0.790458	0.330230	0.215638	
0.992768	0.101953	0.948206	0.030426	0.147407	0.660526	0.005910	
0.271102	0.791770	0.872903	0.561902	0.086671	0.169610	0.762968	
0.182012	0.988606	0.307532	0.559900	0.883004	0.524878	0.446649	
0.164405	0.274335	0.133637	0.828721	0.669177	0.616163	0.779615	
0.459635	0.946393	0.995253	0.452404	0.048346	0.943459	0.482830	
0.195753	0.603984	0.488740	0.466855	0.395754	0.361644	0.028757	
0.482426	0.531254	0.791725	0.664438	0.519860	0.099258	0.224338	
0.402864	0.624136	0.670987	0.567269	0.898471	0.804625	0.395990	
0.567648	0.420787	0.175605	0.027284	0.367180	0.170857	0.479688	
0.415526	0.114316	0.962518	0.611279	0.718300	0.451258	0.078135	
0.114054	0.812902	0.106892	0.596480	0.344156	0.898617	0.260918	
0.864016	0.997875	0.485257	0.266880	0.622011	0.156244	0.834149	
0.520482	0.960868	0.230139	0.088130	0.381656	0.405744	0.115414	
0.748836	0.576601	0.595102	0.164362	0.690917	0.557619	0.775641	
0.409217	0.008877	0.853776	0.523271	0.821779	0.960668	0.119752	
0.165934	0.859285	0.380670	0.029950	0.857159	0.865927	0.296830	
0.479170	0.022170	0.130979	0.999652	0.983039	0.361119	0.087782	
0.364695	0.766862	0.203196	0.113530	0.343464	0.798297	0.277892	
0.034380	0.355916	0.053534	0.443597	0.364793	0.907310	0.966868	
0.186572	0.867977	0.086620	0.352506	0.727262	0.467290	0.382457	
0.584421	0.333217	0.679287	0.063591	0.355387	0.810266	0.063243	
0.338426	0.171385	0.151025	0.703121	0.938247	0.354221	0.816651	
0.281711	0.152518	0.094543	0.316091	0.508434	0.148077	0.759688	
0.873228	0.055387	0.726557	0.059800	0.923364	0.813177	0.412306	
0.650626	0.280467	0.794763	0.235047	0.613683	0.474050	0.298639	
0.969070	0.284316	0.361881	0.307496	0.455701	0.512906	0.010617	
0.393948	0.867127	0.827268	0.675659	0.019645	0.921812	0.991751	
0.528079	0.069889	0.751439	0.401306	0.125275	0.477996	0.461106	
0.048639	0.291173	0.873412	0.699265	0.571639	0.668175	0.934312	
0.185323	0.142225	0.232951	0.154393	0.426541	0.594832	0.461890	
0.882242	0.107738	0.472507	0.276190	0.974865	0.299775	0.951850	
0.994510	0.221587	0.943601	0.522588	0.291475	0.695040	0.923895	
0.416750	0.173036	0.385001	0.465389	0.464208	0.258413	0.164654	
0.035848	0.926589	0.098966	0.221171	0.068814	0.331917	0.375564	
0.495355	0.926749	0.837454	0.377597	0.034487	0.309961	0.653787	
0.009352	0.609736	0.605637	0.003862	0.831323	0.549238	0.526450	
0.122798	0.244277	0.450345	0.539549	0.417313	0.835346	0.004938	
0.881521	0.093759	0.169592	0.917369	0.020347	0.268558	0.138539	
0.089161	0.600475	0.514103	0.584516	0.527224	0.351557	0.962112	
0.561712	0.661518	0.615899	0.571064	0.271254	0.221536	0.574926	
0.102577	0.770774	0.101377	0.225375	0.015051	0.551721	0.764924	
0.432364	0.387067	0.769862	0.313885	0.480826	0.939454	0.231253	
0.501174	0.208012	0.369793	0.590334	0.808488	0.883896	0.174850	
0.335712	0.235453	0.136962	0.897424	0.896971	0.752861	0.468488	
0.168225	0.974398	0.043415	0.270803	0.745172	0.144791	0.496178	
0.760223	0.696513	0.261102	0.192586	0.083580	0.030963	0.506471	
0.564406	0.970417	0.737725	0.065579	0.178430	0.107517	0.655914	
0.986918	0.991413	0.830764	0.322630	0.226866	0.967726	0.220054	
0.123838	0.720587	0.688542	0.292063	0.694985	0.731957	0.562866	
0.440157	0.876748	0.059043	0.200379	0.573261	0.320145	0.392965	
0.656840	0.351109	0.899437	0.221246	0.321526	0.637161	0.286825	
0.499956	0.744678	0.942739	0.486873	0.736092	0.773503	0.809503	
0.962958	0.741229	0.029557	0.086795	0.461816	0.718099	0.378859	
0.156801	0.450056	0.941724	0.596958	0.326804	0.000768	0.797337	
0.900065	0.320913	0.190303	0.556905	0.672021	0.089739	0.778152	
0.993547	0.726900	0.064977	0.493503	0.471579	0.007716	0.980376	
0.207670	0.781219	0.789879	0.170628	0.522448	0.819437	0.257423	
0.984264	0.537536	0.636282	0.141065	0.987592	0.578006	0.738023	
0.314397	0.578774	0.535360	0.214462	0.899687	0.725663	0.771367	
0.571708	0.815402	0.549519	0.565256	0.542303	0.614496	0.058759	
0.013881	0.622212	0.039135	0.221551	0.403431	0.829015	0.392179	
0.925878	0.648451	0.649603	0.910142	0.185987	0.285885	0.051208	
0.173579	0.863891	0.789231	0.487976	0.442665	0.324591	0.702437	
0.342352	0.050254	0.473805	0.914060	0.865657	0.023323	0.479315	
0.407959	0.637819	0.538074	0.421840	0.260030	0.577209	0.643391	
0.663461	0.406224	0.035571	0.589339	0.054675	0.685173	0.499481	
0.240662	0.971058	0.550689	0.414241	0.834949	0.339920	0.902217	
0.277614	0.664511	0.604654	0.619965	0.714766	0.078458	0.534025	
0.580422	0.101782	0.013341	0.988382	0.739600	0.551415	0.410222	
0.999630	0.128624	0.053613	0.663091	0.534848	0.089184	0.252430	
0.589522	0.774357	0.751912	0.830184	0.745415	0.302601	0.244425	
0.580364	0.642521	0.146641	0.857978	0.307032	0.751295	0.477943	
0.021798	0.829754	0.011968	0.602221	0.931535	0.025309	0.590602	
0.671135	0.576724	0.000824	0.670766	0.705347	0.054437	0.333857	
0.240195	0.143621	0.586288	0.829717	0.917979	0.338199	0.659901	
0.663394	0.640800	0.904326	0.243758	0.283321	0.050967	0.101735	
0.590354	0.802262	0.579678	0.612152	0.632015	0.591647	0.214373	
0.563550	0.616955	0.804975	0.234686	0.193679	0.805799	0.905452	
0.899026	0.860237	0.239309	0.139221	0.003858	0.825596	0.968939	
0.921837	0.163796	0.628840	0.585230	0.804596	0.533165	0.828988	
0.087917	0.584132	0.930723	0.678271	0.386394	0.510402	0.290423	
0.018409	0.102048	0.504796	0.581960	0.719004	0.309771	0.816645	
0.912683	0.115571	0.722097	0.811709	0.975807	0.961406	0.950930	
0.979666	0.787003	0.919869	0.901503	0.950798	0.548708	0.486733	
0.755394	0.081873	0.315721	0.843312	0.666005	0.246445	0.521583	
0.052399	0.756846	0.812006	0.070808	0.858895	0.316802	0.652768	
0.577898	0.626573	0.469413	0.490581	0.742143	0.191511	0.302290	
0.717951	0.152917	0.253220	0.697616	0.939920	0.173089	0.599119	
0.890718	0.721797	0.085852	0.646113	0.803670	0.401573	0.489424	
0.469676	0.648018	0.011007	0.522075	0.404864	0.823013	0.592883	
0.263759	0.139814	0.245651	0.841657	0.766387	0.715065	0.332238	
0.508530	0.906575	0.634528	0.226481	0.059492	0.887748	0.924097	
0.999412	0.060836	0.523216	0.890130	0.782633	0.609068	0.536243	
0.586303	0.010642	0.025667	0.055979	0.658659	0.036674	0.578054	
0.063524	0.859686	0.170937	0.327283	0.999500	0.416589	0.168940	
0.765887	0.131653	0.501178	0.274417	0.038229	0.135705	0.500898	
0.097721	0.023453	0.424995	0.097133	0.084289	0.948211	0.987263	
0.866922	0.557279	0.523506	0.453226	0.567921	0.549173	0.509205	
0.226580	0.585846	0.087259	0.290104	0.445533	0.258196	0.617387	
0.445033	0.674785	0.786326	0.210920	0.806438	0.287504	0.485337	
0.844667	0.423209	0.986235	0.942388	0.446662	0.411230	0.039521	
0.530952	0.359441	0.026784	0.397874	0.916720	0.550290	0.851100	
0.484641	0.099463	0.360305	0.711222	0.685309	0.447564	0.001326	
0.130842	0.705760	0.618712	0.575875	0.380544	0.405038	0.786796	
0.186983	0.692542	0.272133	0.031649	0.115752	0.258368	0.974037	
0.562414	0.669598	0.013558	0.093366	0.029040	0.040343	0.491240	
0.945760	0.590633	0.342340	0.430401	0.690096	0.702645	0.141623	
0.375405	0.150208	0.142949	0.506247	0.855968	0.761661	0.082122	
0.236512	0.166699	0.868918	0.423495	0.859242	0.141051	0.455145	
0.974993	0.399420	0.429182	0.537407	0.069018	0.442740	0.630773	
0.098057	0.483083	0.122013	0.043817	0.073716	0.464353	0.474219	
0.763811	0.166998	0.615842	0.139216	0.317206	0.758790	0.645464	
0.173174	0.520451	0.727586	0.409687	0.687151	0.596504	0.833182	
0.546393	0.737555	0.288326	0.521386	0.136975	0.717508	0.058793	
0.205993	0.160248	0.689566	0.304050	0.643331	0.811579	0.347868	
0.717047	0.275933	0.822086	0.480859	0.442931	0.437928	0.620075	
0.760137	0.196719	0.265539	0.933311	0.717170	0.993125	0.342998	

0.369528	0.482973	0.101052	0.905967	0.226771	0.080032	0.052892	
0.439569	0.172573	0.065247	0.280336	0.073995	0.205941	0.206795	
0.246704	0.022296	0.245467	0.306011	0.246623	0.016823	0.059955	
0.661034	0.509768	0.123235	0.240754	0.499253	0.062612	0.422785	
0.222354	0.025220	0.215586	0.326147	0.146236	0.816483	0.268239	
0.898214	0.008426	0.138043	0.383136	0.590412	0.469817	0.032056	
0.175233	0.036059	0.043348	0.407348	0.019192	0.105357	0.557166	
0.406597	0.207062	0.161978	0.142437	0.033923	0.219618	0.224865	
0.814717	0.178259	0.034284	0.139225	0.501733	0.506470	0.218066	
0.363757	0.353108	0.002673	0.313017	0.127296	0.215240	0.555922	
0.357164	0.336982	0.899202	0.497057	0.197729	0.015145	0.008752	
0.342364	0.311587	0.387945	0.597496	0.076014	0.020457	0.049996	
0.043447	0.381170	0.646746	0.010397	0.402250	0.105015	0.254838	
0.119713	0.543286	0.197727	0.174181	0.054076	0.254710	0.004817	
0.492796	0.298778	0.686877	0.795127	0.537312	0.603072	0.354569	
0.032011	0.091309	0.265738	0.584152	0.323498	0.361453	0.303714	
0.352196	0.112081	0.714619	0.106933	0.126294	0.410245	0.243109	
0.406162	0.372157	0.041991	0.073405	0.123709	0.185666	0.106869	
0.608578	0.373561	0.157831	0.168733	0.035257	0.834060	0.070154	
0.852535	0.457540	0.278211	0.010237	0.519954	0.001997	0.749334	
0.106975	0.010836	0.180940	0.183974	0.240412	0.053962	0.097831	
0.310519	0.163203	0.703835	0.045137	0.003761	0.718520	0.043951	
0.179418	0.058064	0.024891	0.050223	0.231550	0.032500	0.670939	
0.447764	0.013093	0.554810	0.347393	0.786902	0.067698	0.477141	
0.353701	0.093257	0.272745	0.055611	0.208067	0.204442	0.087107	
0.369348	0.614390	0.558084	0.412091	0.465475	0.353497	0.078260	
0.090861	0.194876	0.314564	0.710739	0.092887	0.091306	0.408677	
0.015015	0.340065	0.158233	0.132170	0.006695	0.001967	0.361320	
0.405109	0.239471	0.079395	0.080810	0.686328	0.134520	0.046828	
0.073299	0.130723	0.019689	0.212405	0.024264	0.016295	0.453734	
0.141035	0.248352	0.339356	0.024249	0.215388	0.019893	0.332317	
0.057022	0.287317	0.542636	0.018418	0.275048	0.049357	0.288378	
0.151460	0.118721	0.502496	0.143410	0.234629	0.105343	0.117071	
0.099068	0.149723	0.350064	0.410656	0.675242	0.569608	0.021813	
0.047984	0.478409	0.020745	0.154950	0.004073	0.194566	0.420236	
0.530221	0.386946	0.057021	0.245551	0.452425	0.095753	0.415405	
0.691646	0.065383	0.665209	0.028923	0.028237	0.290604	0.085742	
0.478602	0.320433	0.434440	0.186020	0.261850	0.062547	0.044660	
0.114416	0.057697	0.155385	0.104108	0.490018	0.019291	0.574292	
0.089904	0.407954	0.157364	0.386127	0.738338	0.442302	0.045736	
0.277091	0.444887	0.092529	0.091904	0.034001	0.011425	0.012205	
0.390306	0.038421	0.194634	0.146294	0.751972	0.009770	0.151939	
0.139373	0.121988	0.400107	0.507071	0.130052	0.135713	0.329006	
0.001422	0.579273	0.108514	0.114246	0.218568	0.582606	0.008724	
0.102803	0.183816	0.121318	0.798652	0.229592	0.582824	0.612326	
0.221504	0.207697	0.108367	0.497057	0.052944	0.094687	0.007042	
0.000914	0.186872	0.242719	0.274600	0.656373	0.328597	0.026868	
0.007950	0.427440	0.736655	0.016363	0.081478	0.040865	0.053426	
0.137501	0.046535	0.120509	0.046766	0.159256	0.050093	0.398006	
0.256315	0.256034	0.076418	0.211105	0.282933	0.798359	0.532360	
0.018799	0.558504	0.041399	0.167857	0.059426	0.112126	0.083493	
0.201058	0.235684	0.505542	0.531934	0.023719	0.336045	0.023465	
0.014956	0.614376	0.048986	0.244050	0.546909	0.324375	0.700498	
0.415442	0.047495	0.142804	0.421990	0.095181	0.182692	0.050784	
0.200866	0.037761	0.095629	0.664805	0.004228	0.087229	0.033543	
0.140120	0.468086	0.468407	0.132698	0.008854	0.079607	0.037316	
0.121493	0.264406	0.031192	0.224134	0.097223	0.161121	0.311263	
0.307976	0.368487	0.165802	0.585698	0.249103	0.172217	0.113242	
0.247639	0.034586	0.427909	0.180307	0.639342	0.013490	0.011294	
0.054228	0.179543	0.005302	0.066190	0.484501	0.573407	0.105141	
0.794703	0.516720	0.277812	0.052917	0.055889	0.027411	0.496417	
0.312664	0.537716	0.070940	0.325851	0.113951	0.472698	0.018923	
0.061276	0.012755	0.100358	0.071509	0.224606	0.327520	0.141724	
0.020492	0.540160	0.016848	0.049840	0.616607	0.046317	0.449289	
0.228245	0.305653	0.068433	0.137171	0.075014	0.246973	0.402306	
0.260885	0.667931	0.097098	0.182129	0.302382	0.009061	0.496532	
0.789091	0.789132	0.420563	0.032877	0.135304	0.257770	0.393681	
0.312254	0.304224	0.098195	0.192154	0.136438	0.041795	0.519149	
0.022534	0.186283	0.145464	0.394947	0.166712	0.165680	0.251575	
0.114294	0.077753	0.359142	0.744335	0.596441	0.147688	0.099137	
0.082412	0.468561	0.471173	0.472721	0.300145	0.096953	0.235788	
0.011290	0.780062	0.252034	0.459624	0.189074	0.325795	0.387013	
0.099966	0.086581	0.173767	0.263703	0.692785	0.682307	0.032855	
0.052260	0.002109	0.506112	0.002162	0.034569	0.139876	0.236003	
0.000072	0.138514	0.001717	0.087684	0.032755	0.542637	0.002699	
0.033160	0.224085	0.321766	0.084308	0.082663	0.452524	0.440484	
0.074963	0.087416	0.095011	0.007739	0.434219	0.543410	0.132509	
0.245893	0.354849	0.298753	0.114744	0.058529	0.074213	0.006989	
0.323661	0.464953	0.043126	0.335979	0.387557	0.069800	0.166268	
0.658995	0.050521	0.217208	0.005348	0.259415	0.268251	0.132372	
0.280333	0.599228	0.539859	0.184305	0.260447	0.174940	0.110433	
0.555620	0.058528	0.506716	0.044596	0.095649	0.071642	0.303053	
0.076520	0.299689	0.001225	0.033472	0.055429	0.191248	0.108697	
0.005426	0.531026	0.039379	0.421916	0.549273	0.174942	0.649426	
0.685362	0.171604	0.082423	0.147005	0.615546	0.345547	0.134217	
0.786785	0.004359	0.560011	0.376273	0.109608	0.216727	0.137646	
0.058458	0.538514	0.187944	0.051026	0.078511	0.084177	0.215876	
0.271180	0.027063	0.000561	0.138115	0.091509	0.049667	0.355491	
0.595461	0.155931	0.174168	0.362894	0.131640	0.631446	0.015752	
0.461582	0.189983	0.121312	0.286460	0.378316	0.352351	0.549668	
0.432795	0.318481	0.314995	0.343911	0.059844	0.034060	0.055966	
0.357446	0.227997	0.059517	0.319629	0.568575	0.157796	0.302205	
0.581338	0.060872	0.010052	0.285722	0.130280	0.334105	0.383218	
0.602742	0.111891	0.385749	0.230876	0.002185	0.001458	0.314720	
0.107599	0.000862	0.069218	0.378323	0.095588	0.077511	0.051545	
0.403904	0.010417	0.310598	0.610096	0.408000	0.282653	0.882512	
0.140226	0.281964	0.234222	0.462057	0.227078	0.374547	0.064609	
0.116479	0.451476	0.102893	0.418328	0.009544	0.005333	0.395806	
0.047444	0.021102	0.542210	0.822742	0.079351	0.001334	0.256087	
0.421041	0.099555	0.586571	0.000227	0.006242	0.050106	0.291706	
0.017682	0.129174	0.252930	0.519592	0.144452	0.180706	0.100428	
0.921881	0.478273	0.404184	0.084498	0.125824	0.012116	0.000973	
0.204686	0.035158	0.437523	0.199763	0.113531	0.188842	0.096745	
0.403852	0.243003	0.167044	0.730574	0.300553	0.037156	0.403652	
0.551925	0.227255	0.637308	0.255937	0.051151	0.043984	0.082182	
0.034728	0.816983	0.531779	0.002088	0.347328	0.012225	0.037228	
0.114686	0.137030	0.050390	0.146946	0.031525	0.123919	0.273166	
0.289153	0.012799	0.127549	0.611514	0.147661	0.074855	0.406510	
0.026243	0.242012	0.006703	0.472801	0.333336	0.370768	0.539050	
0.267111	0.110191	0.171534	0.158631	0.777721	0.045378	0.004060	
0.235904	0.553155	0.160834	0.242195	0.647107	0.433962	0.302229	
0.143798	0.350610	0.003246	0.294353	0.219501	0.214728	0.051118	
0.728852	0.677159	0.274446	0.628398	0.073168	0.149222	0.229168	
0.087141	0.115531	0.512043	0.130825	0.024099	0.674858	0.032253	
0.004129	0.423567	0.009135	0.120289	0.098386	0.246723	0.049963	
0.512469	0.529565	0.133659	0.015928	0.072335	0.180185	0.007161	
0.624220	0.065343	0.708903	0.422188	0.632762	0.096578	0.178097	
0.407306	0.037567	0.115585	0.340528	0.620187	0.470467	0.251996	
0.595492	0.251943	0.156837	0.351831	0.032000	0.252279	0.286571	
0.288225	0.278639	0.143820	0.095413	0.005289	0.078867	0.235840	
0.017071	0.654270	0.203934	0.065404	0.599592	0.023662	0.287377	
0.265572	0.070680	0.300676	0.041001	0.326105	0.213918	0.024468	
0.145559	0.003958	0.143525	0.400292	0.478978	0.600477	0.121748	
0.760096	0.075881	0.801187	0.135985	0.689206	0.068688	0.089979	
0.402349	0.387505	0.142634	0.585188	0.183878	0.052394	0.495390	
0.481976	0.710976	0.616346	0.105607	0.014291	0.069292	0.294142	
0.507774	0.708511	0.001961	0.009898	0.096682	0.092909	0.015795	
0.495457	0.003771	0.302408	0.322772	0.121893	0.177631	0.311458	
0.042697	0.109538	0.000707	0.716084	0.910139	0.601514	0.365106	
0.151290	0.014380	0.100766	0.292978	0.315323	0.323261	0.196586	
0.005997	0.008235	0.157017	0.150927	0.684782	0.030017	0.249044	
0.722065	0.085503	0.108707	0.297182	0.138266	0.178291	0.376996	
0.521573	0.107582	0.452238	0.087727	0.099769	0.327399	0.604968	
0.077877	0.066385	0.074053	0.447207	0.399215	0.043751	0.633156	
0.486146	0.123265	0.026290	0.220969	0.116595	0.087638	0.124479	
0.012132	0.082031	0.944003	0.138485	0.335294	0.090710	0.354940	
0.064352	0.542761	0.025283	0.003208	0.578815	0.913771	0.023847	
0.009354	0.268949	0.092520	0.142028	0.163448	0.774310	0.198509	
0.000560	0.265242	0.731747	0.029862	0.239910	0.239861	0.009608	
0.709780	0.137538	0.030054	0.185230	0.451599	0.020907	0.278455	
0.008948	0.202360	0.344229	0.553998	0.005267	0.160474	0.171056	
0.194923	0.124156	0.358057	0.296859	0.069296	0.242754	0.159687	
0.081009	0.135776	0.267243	0.119945	0.323478	0.144887	0.315179	
0.158531	0.233308	0.792179	0.044041	0.146886	0.165425	0.170138	
0.014222	0.029272	0.229475	0.068340	0.423967	0.429410	0.384753	
0.781251	0.133604	0.012322	0.117587	0.154015	0.559963	0.180786	
0.636036	0.678070	0.161016	0.013431	0.060384	0.878266	0.225029	
0.092490	0.099628	0.354312	0.183268	0.660526	0.250071	0.133215	
0.046731	0.331894	0.630231	0.135817	0.607108	0.097085	0.045679	
0.123816	0.026328	0.223210	0.063496	0.147108	0.366505	0.033056	
0.121092	0.128934	0.373843	0.051215	0.028029	0.231868	0.135620	
0.229818	0.135495	0.713577	0.008179	0.110911	0.219922	0.012353	
0.000118	0.071222	0.373356	0.154109	0.298018	0.043702	0.589195	
0.116129	0.080409	0.218171	0.075733	0.067732	0.262357	0.418867	
0.066023	0.332969	0.761555	0.046152	0.218806	0.208422	0.240003	
0.404993	0.015261	0.741786	0.382566	0.016465	0.462000	0.272542	
0.219159	0.408146	0.686095	0.324288	0.013551	0.076749	0.294699	
0.521742	0.110600	0.095379	0.165104	0.039822	0.072768	0.141331	
0.252977	0.174624	0.092797	0.687338	0.299274	0.818396	0.210056	
0.300409	0.138491	0.291524	0.057152	0.290714	0.181450	0.085720	
0.013314	0.351766	0.151110	0.533361	0.711656	0.089621	0.064472	
0.093763	0.075843	0.094546	0.529606	0.669210	0.061884	0.018166	
0.012296	0.388659	0.000152	0.376967	0.185817	0.452987	0.139844	
0.336123	0.346287	0.003574	0.032771	0.327090	0.364831	0.176838	
0.317132	0.170170	0.177445	0.147813	0.030306	0.091906	0.009260	
0.086483	0.525916	0.203535	0.173045	0.003321	0.033063	0.026218	
0.016452	0.045053	0.009547	0.095188	0.033275	0.053955	0.449243	
0.153428	0.082535	0.474210	0.156025	0.308136	0.561097	0.046708	
0.431766	0.119088	0.065205	0.723580	0.095849	0.481773	0.045940	
0.332246	0.313054	0.096995	0.396109	0.111643	0.739931	0.486025	
0.160841	0.653853	0.172428	0.114710	0.059084	0.289454	0.138606	
0.072095	0.130644	0.202040	0.101553	0.109845	0.546975	0.144357	
0.255655	0.231823	0.376177	0.448157	0.088309	0.128707	0.291673	
0.609356	0.371929	0.640246	0.097346	0.063241	0.008989	0.261997	
0.345833	0.088450	0.032509	0.211889	0.675883	0.035903	0.049586	
0.000413	0.629134	0.476323	0.039747	0.030320	0.086024	0.300852	
0.289167	0.132642	0.907552	0.170920	0.270577	0.300387	0.050115	
0.881293	0.005477	0.692437	0.517139	0.000236	0.399021	0.318722	
0.173740	0.621294	0.387018	0.323460	0.636922	0.747454	0.359215	
0.343656	0.180329	0.214478	0.074866	0.782519	0.019267	0.005664	
0.132284	0.262127	0.044509	0.378924	0.313754	0.011211	0.428991	
0.401280	0.139442	0.906209	0.326490	0.208327	0.614249	0.087482	
0.470134	0.166508	0.130802	0.464973	0.044032	0.276462	0.018041	
0.138203	0.145832	0.010389	0.015590	0.242081	0.075231	0.339545	
0.136981	0.320158	0.776819	0.172254	0.007653	0.400964	0.145787	
0.421585	0.825320	0.545767	0.097284	0.079669	0.467367	0.795737	
0.546606	0.198335	0.009699	0.201896	0.115250	0.379344	0.013920	
0.336210	0.007875	0.073037	0.293656	0.246215	0.634183	0.014899	
0.313285	0.324750	0.914793	0.007235	0.468687	0.696294	0.149604	
0.031166	0.252650	0.179640	0.223645	0.165380	0.037561	0.626201	
0.491441	0.826276	0.451075	0.205256	0.093100	0.131503	0.818505	
0.635555	0.157778	0.125449	0.141803	0.030256	0.049279	0.299247	
0.012338	0.548024	0.070253	0.096838	0.833587	0.028109	0.080240	
0.341015	0.401130	0.448980	0.910941	0.364194	0.420229	0.181564	
0.218905	0.758734	0.028750	0.614290	0.603024	0.145003	0.045858	
0.437851	0.073321	0.005743	0.213690	0.107069	0.394664	0.101419	
0.252746	0.009312	0.111865	0.024213	0.818125	0.079171	0.244645	
0.669633	0.277707	0.148153	0.154116	0.038059	0.186276	0.113558	
0.141444	0.559809	0.092418	0.221522	0.381029	0.334035	0.053322	
0.136041	0.156995	0.198081	0.006450	0.098521	0.001999	0.301374	

0.375963	0.090385	0.031505	0.011637	0.141937	0.020654	0.017646	
0.128054	0.390974	0.032187	0.013205	0.118710	0.025871	0.001737	
0.003395	0.016266	0.253841	0.057165	0.441841	0.001073	0.231593	
0.105538	0.221439	0.000255	0.011158	0.113506	0.234580	0.076742	
0.033626	0.216199	0.035161	0.030319	0.065433	0.020724	0.004093	
0.002733	0.010070	0.111487	0.189906	0.150402	0.075806	0.122916	
0.002048	0.438958	0.364703	0.004716	0.000558	0.045354	0.192690	
0.459966	0.051625	0.016754	0.202754	0.197287	0.064223	0.035551	
0.054334	0.059825	0.118730	0.172586	0.054171	0.004075	0.339783	
0.092751	0.039005	0.010930	0.156748	0.191721	0.040171	0.079582	
0.001523	0.078561	0.010418	0.021983	0.027738	0.005258	0.000988	
0.032352	0.121485	0.033232	0.037836	0.000120	0.031390	0.083459	
0.151047	0.002060	0.096124	0.051498	0.229107	0.011952	0.034143	
0.034948	0.009307	0.048342	0.018479	0.021202	0.011360	0.018046	
0.005540	0.327494	0.004729	0.051933	0.156766	0.026766	0.093646	
0.000198	0.002103	0.051642	0.027300	0.424467	0.001274	0.001239	
0.269158	0.282904	0.052412	0.004730	0.669273	0.290541	0.052000	
0.105306	0.395390	0.385275	0.717846	0.376358	0.009883	0.004149	
0.049629	0.107516	0.001510	0.001593	0.114085	0.005709	0.013815	
0.040559	0.041200	0.101163	0.057181	0.032283	0.030063	0.136620	
0.082419	0.362203	0.173243	0.072220	0.461329	0.320431	0.318830	
0.270683	0.053000	0.027654	0.085891	0.045837	0.080420	0.031771	
0.001784	0.025160	0.123505	0.270200	0.227697	0.127090	0.020818	
0.091899	0.163371	0.051684	0.305359	0.016279	0.167553	0.115192	
0.062129	0.047412	0.514704	0.772059	0.020399	0.042944	0.024278	
0.256815	0.042088	0.021361	0.008857	0.480116	0.099380	0.495365	
0.014868	0.049877	0.000517	0.046236	0.044246	0.052721	0.071574	
0.007449	0.248241	0.019497	0.011058	0.001383	0.001414	0.170101	
0.247758	0.023222	0.033209	0.054274	0.033511	0.002841	0.021225	
0.197181	0.241802	0.002574	0.015199	0.235572	0.527862	0.168860	
0.098230	0.033282	0.045576	0.024593	0.340366	0.116483	0.022176	
0.043401	0.233792	0.383864	0.071865	0.002914	0.035378	0.441785	
0.101822	0.028240	0.017932	0.000319	0.048557	0.468607	0.169208	
0.103167	0.051342	0.171605	0.446765	0.015869	0.201937	0.239930	
0.000296	0.081689	0.005202	0.003348	0.003941	0.268090	0.026117	
0.084903	0.081789	0.033691	0.234117	0.040299	0.002349	0.033356	
0.033427	0.119415	0.159498	0.004432	0.238495	0.022451	0.049007	
0.356672	0.062052	0.198392	0.010693	0.099427	0.110968	0.018615	
0.128683	0.001101	0.038641	0.199371	0.210633	0.290300	0.115744	
0.434748	0.284382	0.228807	0.009669	0.085563	0.230658	0.112839	
0.049864	0.073412	0.034167	0.047395	0.006263	0.007138	0.014455	
0.023404	0.248925	0.104785	0.068839	0.033575	0.025523	0.273874	
0.206881	0.003294	0.267273	0.423413	0.110153	0.011538	0.052544	
0.032990	0.014633	0.001271	0.716370	0.050834	0.107246	0.050637	
0.271227	0.146203	0.321436	0.000462	0.004169	0.036095	0.118186	
0.035351	0.458441	0.019275	0.035627	0.047033	0.428486	0.026284	
0.002271	0.110901	0.064639	0.100092	0.079698	0.020541	0.157091	
0.239198	0.066972	0.149006	0.003166	0.010604	0.088573	0.255051	
0.396839	0.394650	0.072723	0.033125	0.005775	0.063110	0.482710	
0.258225	0.266017	0.238982	0.292955	0.079000	0.149406	0.018706	
0.039110	0.013900	0.077021	0.382614	0.158226	0.040578	0.006303	
0.001943	0.106830	0.050909	0.027901	0.018039	0.081147	0.000492	
0.152642	0.010815	0.229821	0.375944	0.000146	0.583378	0.044697	
0.384252	0.012278	0.086129	0.024707	0.321975	0.229998	0.022059	
0.060595	0.116322	0.551832	0.002204	0.234953	0.343571	0.364887	
0.262707	0.039209	0.015112	0.476891	0.144740	0.023252	0.166105	
0.216848	0.152569	0.124656	0.224792	0.119163	0.092807	0.029900	
0.271534	0.030498	0.097231	0.036895	0.013227	0.069748	0.033947	
0.131323	0.008405	0.002499	0.252547	0.007153	0.252466	0.264606	
0.008052	0.408727	0.018006	0.271570	0.067515	0.002958	0.068492	
0.024373	0.098289	0.349668	0.262719	0.010138	0.006129	0.222534	
0.183327	0.081972	0.244535	0.004130	0.138082	0.421658	0.003042	
0.017695	0.094301	0.051092	0.547373	0.014151	0.244393	0.110858	
0.003805	0.252358	0.024899	0.010795	0.039679	0.010968	0.188656	
0.137115	0.313943	0.000017	0.028690	0.124538	0.437710	0.025509	
0.185100	0.005934	0.287741	0.000846	0.118393	0.004592	0.016888	
0.172448	0.032279	0.049118	0.017484	0.009240	0.056353	0.130328	
0.002188	0.038611	0.008206	0.105227	0.091254	0.076146	0.013418	
0.061029	0.060802	0.039080	0.055876	0.549498	0.061477	0.470462	
0.027365	0.003426	0.000274	0.125214	0.089578	0.529635	0.026775	
0.295859	0.457764	0.104316	0.009295	0.087212	0.096219	0.014294	
0.029103	0.013049	0.001543	0.001850	0.002063	0.011920	0.139052	
0.259741	0.428337	0.253373	0.124572	0.070207	0.002038	0.005497	
0.382726	0.001473	0.000917	0.001863	0.060580	0.007985	0.258748	
0.005505	0.040446	0.021267	0.419751	0.085551	0.159535	0.009650	
0.023054	0.589712	0.153995	0.015126	0.708827	0.027318	0.061985	
0.014404	0.043703	0.285008	0.344935	0.108423	0.256321	0.163117	
0.061465	0.001811	0.150316	0.070881	0.419711	0.249877	0.112039	
0.285369	0.134383	0.101621	0.393340	0.287894	0.034426	0.094029	
0.106344	0.077751	0.033781	0.002783	0.574486	0.043971	0.000490	
0.375718	0.015288	0.040562	0.523249	0.344075	0.006020	0.132139	
0.060967	0.031321	0.060914	0.011502	0.418841	0.019586	0.000013	
0.109827	0.000188	0.293549	0.002438	0.148628	0.239010	0.095315	
0.001203	0.263046	0.000876	0.009276	0.243478	0.090475	0.055874	
0.031954	0.022822	0.041669	0.177580	0.228553	0.087728	0.047436	
0.009411	0.001223	0.111843	0.013948	0.006200	0.016829	0.160487	
0.397538	0.032678	0.262763	0.112474	0.044211	0.286456	0.000412	
0.037589	0.012088	0.000973	0.330045	0.148046	0.002082	0.133053	
0.203530	0.204732	0.332055	0.120674	0.224898	0.006342	0.304654	
0.013628	0.027530	0.067850	0.026761	0.027758	0.342521	0.172553	
0.018374	0.039578	0.002097	0.055366	0.036029	0.086612	0.306169	
0.002963	0.173094	0.497101	0.117028	0.060921	0.592281	0.214879	
0.000377	0.152658	0.022167	0.009805	0.005729	0.170250	0.433073	
0.145482	0.053474	0.062327	0.130706	0.529318	0.090239	0.128195	
0.002339	0.000667	0.029236	0.068898	0.061387	0.164906	0.093449	
0.006178	0.021597	0.172772	0.036591	0.051527	0.008134	0.000623	
0.021435	0.128470	0.048753	0.117151	0.007660	0.006362	0.065304	
0.062250	0.478663	0.009220	0.037665	0.100871	0.011411	0.194760	
0.320775	0.028551	0.054302	0.072207	0.048655	0.102175	0.305969	
0.098165	0.865060	0.141762	0.000008	0.007901	0.517002	0.115836	
0.606530	0.094004	0.264934	0.064297	0.416083	0.016226	0.303904	
0.039625	0.143685	0.486769	0.017548	0.383846	0.008897	0.021936	
0.214011	0.043207	0.040047	0.339984	0.109017	0.271063	0.129953	
0.005290	0.236477	0.143511	0.089501	0.186815	0.066493	0.266684	
0.030707	0.188765	0.145399	0.010730	0.002312	0.104742	0.044244	
0.020934	0.028878	0.346095	0.638571	0.117320	0.691756	0.197753	
0.006852	0.754472	0.146296	0.728599	0.017155	0.046552	0.213201	
0.003917	0.373379	0.072046	0.079196	0.020604	0.388514	0.280393	
0.002949	0.140712	0.284900	0.199787	0.128891	0.016068	0.077205	
0.281002	0.007081	0.000729	0.142458	0.052483	0.017552	0.003336	
0.017083	0.135245	0.067550	0.227914	0.066696	0.037495	0.132014	
0.543737	0.059436	0.029066	0.004712	0.144998	0.019090	0.003708	
0.066993	0.004387	0.101203	0.089029	0.160772	0.168067	0.098625	
0.028544	0.617335	0.007581	0.451487	0.000111	0.002523	0.009873	
0.000498	0.225122	0.019724	0.156545	0.605991	0.010909	0.002030	
0.020259	0.182366	0.305879	0.497689	0.361090	0.489051	0.577965	
0.160911	0.000276	0.182977	0.090564	0.017440	0.090183	0.296286	
0.036969	0.029063	0.046165	0.087979	0.210386	0.104016	0.006925	
0.283013	0.079282	0.164977	0.052948	0.028374	0.022207	0.097328	
0.118266	0.142743	0.242768	0.177780	0.526819	0.020046	0.339025	
0.070126	0.026405	0.090471	0.002841	0.052806	0.068490	0.240439	
0.127364	0.083713	0.015306	0.216144	0.010123	0.028542	0.011934	
0.198546	0.180444	0.231627	0.011299	0.028119	0.117002	0.144579	
0.043969	0.117960	0.097161	0.332717	0.020243	0.225997	0.001160	
0.162121	0.186888	0.039774	0.067861	0.313110	0.004883	0.228871	
0.001226	0.056361	0.003550	0.082142	0.168411	0.015856	0.449941	
0.003021	0.022661	0.634298	0.064649	0.005990	0.107874	0.047461	
0.018966	0.007789	0.372013	0.153048	0.016756	0.383406	0.172657	
0.038331	0.031268	0.668466	0.016014	0.006220	0.132339	0.108867	
0.262721	0.014580	0.110630	0.639427	0.331466	0.535671	0.039384	
0.004287	0.000098	0.001397	0.328678	0.060448	0.001921	0.170898	
0.096772	0.106730	0.083925	0.281114	0.151277	0.088190	0.003666	
0.001273	0.008594	0.468440	0.162136	0.232040	0.304540	0.000833	
0.185678	0.130560	0.006649	0.206888	0.051152	0.298599	0.049681	
0.011646	0.115793	0.027498	0.129413	0.023073	0.000309	0.004443	
0.020944	0.150795	0.010290	0.363188	0.081889	0.153550	0.040778	
0.242087	0.005644	0.007065	0.137577	0.031540	0.014754	0.102254	
0.003971	0.015051	0.699201	0.223924	0.042915	0.030690	0.008584	
0.002616	0.001269	0.200968	0.134373	0.011073	0.659518	0.007260	
0.016098	0.071393	0.142643	0.023070	0.018996	0.028956	0.234202	
0.000920	0.256069	0.012820	0.136121	0.005500	0.228029	0.071871	
0.051221	0.013244	0.038617	0.072438	0.002521	0.010651	0.061500	
0.118808	0.027487	0.047601	0.247467	0.097246	0.059775	0.042591	
0.631377	0.018053	0.133752	0.703503	0.001662	0.003253	0.434941	
0.044065	0.247005	0.060262	0.018746	0.292895	0.044456	0.179141	
0.023540	0.000070	0.021449	0.246729	0.029307	0.054306	0.090356	
0.003327	0.219419	0.243120	0.035968	0.027413	0.091082	0.083422	
0.047546	0.045673	0.037685	0.338853	0.023746	0.024715	0.182291	
0.087696	0.190695	0.270616	0.010512	0.167284	0.067085	0.413657	
0.156040	0.001213	0.051339	0.400401	0.008834	0.098389	0.025385	
0.339724	0.166389	0.003568	0.236398	0.157716	0.573599	0.071020	
0.186693	0.577556	0.135761	0.000272	0.139202	0.193753	0.541109	
0.000058	0.792495	0.431559	0.097375	0.120102	0.488064	0.090421	
0.062756	0.126492	0.014372	0.043159	0.062632	0.307770	0.075893	
0.292621	0.001044	0.056697	0.037630	0.402152	0.031563	0.031431	
0.264436	0.095351	0.080379	0.006772	0.019368	0.422231	0.071737	
0.033311	0.010151	0.144421	0.002640	0.185898	0.186278	0.024667	
0.090444	0.579668	0.202887	0.003071	0.027355	0.069346	0.010306	
0.082242	0.152307	0.000798	0.055877	0.362210	0.116898	0.140007	
0.078203	0.040191	0.040555	0.058608	0.022685	0.145511	0.435616	
0.281824	0.014540	0.006437	0.224919	0.012850	0.063570	0.015140	
0.005748	0.052559	0.379574	0.058609	0.196006	0.023308	0.009930	
0.016319	0.145396	0.304945	0.008739	0.001439	0.001373	0.001312	
0.010263	0.069165	0.016132	0.212014	0.192645	0.069920	0.485298	
0.641838	0.146792	0.169473	0.170782	0.167097	0.406806	0.104747	
0.000669	0.103170	0.007814	0.009137	0.002297	0.003733	0.017741	
0.002754	0.148130	0.038568	0.003168	0.003295	0.146358	0.012068	
0.032545	0.390664	0.048438	0.000248	0.011935	0.091633	0.046834	
0.069078	0.004531	0.002386	0.020535	0.010781	0.111343	0.220505	
0.081298	0.014048	0.144617	0.080117	0.076098	0.030069	0.064861	
0.076421	0.021926	0.047512	0.063820	0.000992	0.338132	0.077994	
0.007526	0.147187	0.345985	0.141137	0.040216	0.036862	0.342082	
0.254495	0.023137	0.026091	0.001800	0.116104	0.002994	0.018510	
0.059294	0.300172	0.101803	0.022695	0.144385	0.062291	0.032106	
0.053583	0.003305	0.128366	0.560738	0.205827	0.035750	0.008908	
0.000135	0.030191	0.000293	0.068418	0.017743	0.037109	0.087156	
0.069720	0.718054	0.031327	0.376050	0.002173	0.339208	0.203349	
0.014336	0.077354	0.096625	0.113118	0.000050	0.110528	0.050798	
0.002169	0.203859	0.019932	0.162398	0.159012	0.065875	0.056272	
0.149321	0.025517	0.267055	0.033616	0.017239	0.012247	0.000115	
0.000178	0.089987	0.238147	0.131620	0.039808	0.008960	0.016722	
0.136625	0.146161	0.005340	0.240364	0.036600	0.066925	0.104476	
0.024958	0.019696	0.037553	0.106998	0.141944	0.275322	0.364514	
0.007516	0.084133	0.000460	0.029671	0.070739	0.450366	0.463628	
0.118448	0.081242	0.149839	0.249749	0.056860	0.015317	0.001137	
0.008278	0.025168	0.059711	0.087209	0.203684	0.038550	0.016708	
0.313648	0.093780	0.162135	0.059246	0.051401	0.191788	0.118919	
0.024417	0.156053	0.216565	0.330581	0.456911	0.050175	0.002169	
0.117265	0.001944	0.067543	0.269903	0.300116	0.185839	0.316444	
0.008061	0.003113	0.117696	0.151404	0.051229	0.229119	0.207346	
0.029444	0.007880	0.395983	0.055831	0.015938	0.043986	0.045724	
0.053076	0.203463	0.000320	0.202608	0.090843	0.313810	0.234815	
0.006818	0.044912	0.076131	0.176152	0.019333	0.050157	0.225903	
0.446507	0.092678	0.284339	0.006577	0.461075	0.104915	0.200686	
0.003020	0.058740	0.169201	0.097583	0.010052	0.043433	0.181938	
0.170736	0.350645	0.013209	0.321566	0.033823	0.000940	0.020921	
0.198142	0.125039	0.165519	0.238415	0.015648	0.087030	0.004384	
0.068035	0.293854	0.127877	0.185865	0.102992	0.000967	0.263044	
0.020313	0.059097	0.006107	0.094731	0.026531	0.124851	0.233253	
0.028730	0.645616	0.162839	0.043111	0.158900	0.001722	0.202520	

